#t	#1	#2
0.0	0.0	0.0
4.0	0.0	-0.01735855288573158
8.0	0.0	-0.06577828834318693
12.0	0.0	-0.13635802815929615
16.0	0.0	-0.21895517497214373
20.0	0.0	-0.3045968404670239
24.0	0.0	-0.3860970604417103
28.0	0.0	-0.45821897563043745
32.0	0.0	-0.517627135135514
36.0	0.0	-0.5627071687746527
40.0	0.0	-0.5933043335513614
44.0	0.0	-0.6104097760121818
48.0	0.0	-0.6158290552777775
52.0	0.0	-0.6118631494436866
56.0	0.0	-0.6010222910197658
59.99999999999999	0.0	-0.5857869854636051
64.0	0.0	-0.5684243265315682
68.0	0.0	-0.5508619899527916
72.0	0.0	-0.5346157669615441
76.0	0.0	-0.5207643505947819
80.0	0.0	-0.5099618525109129
84.0	0.0	-0.5024844641459874
88.0	0.0	-0.4982933998838797
92.0	0.0	-0.4971016055297136
96.0	0.0	-0.4984579709960654
100.0	0.0	-0.501814804672459
104.0	0.0	-0.5065928479179083
108.0	0.0	-0.5122321974421314
112.0	0.0	-0.5182269914773394
116.00000000000001	0.0	-0.5241598149723925
119.99999999999999	0.0	-0.5297106870025046
124.0	0.0	-0.5346596596820661
128.0	0.0	-0.5388811928935543
132.0	0.0	-0.5423334899388372
136.0	0.0	-0.5450413131993906
140.0	0.0	-0.5470794722946669
144.0	0.0	-0.5485579702835326
148.0	0.0	-0.5496042945260973
152.0	0.0	-0.5503498652240825
156.0	0.0	-0.5509197339811591
160.0	0.0	-0.5514239916047531
164.0	0.0	-0.5519527582317907
168.0	0.0	-0.5525738251171917
172.0	0.0	-0.5533323683981008
176.0	0.0	-0.5542525801103222
180.0	0.0	-0.5553405002225343
184.0	0.0	-0.556587549594568
188.0	0.0	-0.5579744461510024
192.0	0.0	-0.5594753225240465
196.0	0.0	-0.5610607946464408
200.0	0.0	-0.5627009708307237
204.0	0.0	-0.5643683797571662
208.0	0.0	-0.5660394035637014
212.00000000000003	0.0	-0.5676949510408225
216.0	0.0	-0.5693208657445513
219.99999999999997	0.0	-0.5709079022944769
224.0	0.0	-0.5724513466697945
228.0	0.0	-0.5739503841262406
232.00000000000003	0.0	-0.5754073162034395
236.0	0.0	-0.5768267171725595
239.99999999999997	0.0	-0.5782146054287448
244.0	0.0	-0.5795776877024326
248.0	0.0	-0.5809227157484392
252.00000000000003	0.0	-0.5822559790724071
256.0	0.0	-0.5835829414415558
260.0	0.0	-0.5849080167920725
264.0	0.0	-0.586234471222947
268.0	0.0	-0.5875644309126122
272.0	0.0	-0.5888989724019594
276.0	0.0	-0.5902382709968348
280.0	0.0	-0.5915817836747652
284.0	0.0	-0.5929284454731557
288.0	0.0	-0.594276862112646
292.0	0.0	-0.5956254853453381
296.0	0.0	-0.5969727618263451
300.0	0.0	-0.5983172501910224
304.0	0.0	-0.5996577045814421
308.0	0.0	-0.6009931257212902
312.0	0.0	-0.602322782672525
316.0	0.0	-0.6036462100556008
320.0	0.0	-0.6049631862130092
324.0	0.0	-0.6062736980293771
328.0	0.0	-0.6075778979094402
332.0	0.0	-0.6088760577723997
336.0	0.0	-0.6101685241059854
340.0	0.0	-0.6114556772148478
344.0	0.0	-0.612737896754357
348.0	0.0	-0.6140155347413081
352.0	0.0	-0.6152888964473624
356.0	0.0	-0.6165582288791238
360.0	0.0	-0.617823716061042
364.0	0.0	-0.6190854800093892
368.0	0.0	-0.6203435860921682
372.0	0.0	-0.6215980514302751
376.0	0.0	-0.6228488550645479
380.0	0.0	-0.624095948749264
384.0	0.0	-0.6253392674362034
388.0	0.0	-0.6265787387395123
392.0	0.0	-0.6278142908958698
396.0	0.0	-0.6290458589569466
400.0	0.0	-0.6302733891333384
404.0	0.0	-0.6314968413655841
408.0	0.0	-0.6327161903164957
411.99999999999994	0.0	-0.6339314250504755
416.0	0.0	-0.6351425477075764
420.0	0.0	-0.6363495714883178
424.00000000000006	0.0	-0.6375525182482414
428.0	0.0	-0.6387514159655705
432.0	0.0	-0.6399462962978238
436.00000000000006	0.0	-0.6411371923899436
439.99999999999994	0.0	-0.6423241370426243
444.0	0.0	-0.6435071612992231
448.0	0.0	-0.6446862934658626
451.99999999999994	0.0	-0.6458615585439412
456.0	0.0	-0.6470329780280848
460.0	0.0	-0.648200570005536
464.00000000000006	0.0	-0.649364349484399
468.0	0.0	-0.6505243288768306
472.0	0.0	-0.6516805185677288
476.00000000000006	0.0	-0.6528329275081317
479.99999999999994	0.0	-0.6539815637838544
484.0	0.0	-0.6551264351224337
488.0	0.0	-0.6562675493140279
491.99999999999994	0.0	-0.6574049145335915
496.0	0.0	-0.6585385395617301
500.0	0.0	-0.6596684339097362
504.00000000000006	0.0	-0.6607946078602481
508.0	0.0	-0.6619170724387711
512.0	0.0	-0.6630358393331456
516.0	0.0	-0.6641509207782241
520.0	0.0	-0.6652623294218688
524.0	0.0	-0.6663700781862862
528.0	0.0	-0.6674741801360298
532.0	0.0	-0.6685746483610524
536.0	0.0	-0.6696714958802599
540.0	0.0	-0.6707647355683103
544.0	0.0	-0.6718543801060833
548.0	0.0	-0.672940441953391
552.0	0.0	-0.6740229333411558
556.0	0.0	-0.6751018662794367
560.0	0.0	-0.6761772525772847
564.0	0.0	-0.6772491038704043
568.0	0.0	-0.6783174316528823
572.0	0.0	-0.6793822473097557
576.0	0.0	-0.6804435621478241
580.0	0.0	-0.6815013874228047
584.0	0.0	-0.6825557343616128
588.0	0.0	-0.6836066141791726
592.0	0.0	-0.6846540380897038
596.0	0.0	-0.6856980173128472
600.0	0.0	-0.6867385630753002
604.0	0.0	-0.687775686608822
608.0	0.0	-0.6888093991455496
612.0	0.0	-0.689839711911565
616.0	0.0	-0.6908666361195793
620.0	0.0	-0.691890182961477
624.0	0.0	-0.6929103636013138
628.0	0.0	-0.6939271891692007
632.0	0.0	-0.6949406707563446
636.0	0.0	-0.6959508194113735
640.0	0.0	-0.6969576461379507
644.0	0.0	-0.6979611618935851
648.0	0.0	-0.6989613775894752
652.0	0.0	-0.6999583040911848
656.0	0.0	-0.7009519522199285
660.0	0.0	-0.7019423327542474
664.0	0.0	-0.7029294564318759
668.0	0.0	-0.7039133339516266
672.0	0.0	-0.7048939759751597
676.0	0.0	-0.705871393128537
680.0	0.0	-0.7068455960035012
684.0	0.0	-0.7078165951584533
688.0	0.0	-0.7087844011191287
692.0	0.0	-0.7097490243789955
696.0	0.0	-0.7107104753994143
700.0	0.0	-0.7116687646096079
704.0	0.0	-0.7126239024064907
708.0	0.0	-0.7135758991544116
712.0	0.0	-0.7145247651848554
716.0	0.0	-0.7154705107961422
720.0	0.0	-0.7164131462531556
724.0	0.0	-0.7173526817871223
728.0	0.0	-0.7182891275954572
732.0	0.0	-0.7192224938416775
736.0	0.0	-0.7201527906553878
740.0	0.0	-0.7210800281323287
744.0	0.0	-0.7220042163344793
748.0	0.0	-0.7229253652902037
752.0	0.0	-0.7238434849944282
756.0	0.0	-0.7247585854088375
760.0	0.0	-0.7256706764620797
764.0	0.0	-0.7265797680499697
768.0	0.0	-0.7274858700356859
772.0	0.0	-0.7283889922499533
776.0	0.0	-0.7292891444912116
780.0	0.0	-0.7301863365257656
784.0	0.0	-0.7310805780879192
788.0	0.0	-0.7319718788800944
792.0	0.0	-0.7328602485729371
795.9999999999999	0.0	-0.7337456968054125
800.0	0.0	-0.7346282331848933
804.0	0.0	-0.7355078672872433
808.0	0.0	-0.736384608656898
812.0	0.0	-0.7372584668069467
816.0	0.0	-0.7381294512192142
820.0000000000001	0.0	-0.7389975713443468
823.9999999999999	0.0	-0.7398628366019002
828.0	0.0	-0.7407252563804324
832.0	0.0	-0.7415848400375986
836.0	0.0	-0.7424415969002504
840.0	0.0	-0.7432955362645369
844.0	0.0	-0.7441466673960081
848.0000000000001	0.0	-0.744994999529719
851.9999999999999	0.0	-0.7458405418703352
856.0	0.0	-0.7466833035922379
860.0	0.0	-0.7475232938396286
864.0	0.0	-0.748360521726633
868.0	0.0	-0.7491949963374045
872.0000000000001	0.0	-0.7500267267262252
875.9999999999999	0.0	-0.7508557219176067
879.9999999999999	0.0	-0.7516819909063899
884.0	0.0	-0.7525055426578422
888.0	0.0	-0.7533263861077558
892.0	0.0	-0.7541445301625432
896.0	0.0	-0.7549599836993335
900.0000000000001	0.0	-0.7557727555660669
903.9999999999999	0.0	-0.7565828545815902
908.0	0.0	-0.7573902895357508
912.0	0.0	-0.758195069189491
916.0	0.0	-0.758997202274942
920.0	0.0	-0.7597966974955187
924.0	0.0	-0.7605935635260125
928.0000000000001	0.0	-0.7613878090126858
931.9999999999999	0.0	-0.7621794425733656
936.0	0.0	-0.7629684727975371
940.0	0.0	-0.7637549082464367
944.0	0.0	-0.7645387574531454
948.0	0.0	-0.7653200289226816
952.0000000000001	0.0	-0.7660987311320938
956.0000000000001	0.0	-0.7668748725305526
959.9999999999999	0.0	-0.7676484615394429
964.0	0.0	-0.7684195065524553
968.0	0.0	-0.7691880159356773
972.0	0.0	-0.7699539980276845
976.0	0.0	-0.7707174611396307
980.0000000000001	0.0	-0.7714784135553385
983.9999999999999	0.0	-0.7722368635313891
987.9999999999999	0.0	-0.7729928192972116
992.0	0.0	-0.7737462890551726
996.0	0.0	-0.7744972809806646
1000.0	0.0	-0.7752458032221954
