# (1)t	# (2) P[1<--1](t)	# (3) P[1<--2](t)
0.0	0.0	0.0
4.0	0.0	-1.71585776e-18
8.0	0.0	-1.1835916789999999e-17
12.0	0.0	-2.3041518489999998e-17
16.0	0.0	-1.4637317219999998e-17
20.0	0.0	4.139069126e-17
24.0	0.0	8.06102972e-17
28.0	0.0	2.937989705e-14
32.0	0.0	6.237591181000001e-14
36.0	0.0	6.450721725e-14
40.0	0.0	1.053314653e-13
44.0	0.0	1.968364088e-13
48.0	0.0	2.824292768e-13
52.0	0.0	3.291543947e-13
56.0	0.0	3.651490285e-13
60.0	0.0	4.060248224e-13
64.0	0.0	4.207803587e-13
68.0	0.0	4.034901153e-13
72.0	0.0	3.832527986e-13
76.0	0.0	3.8169522e-13
80.0	0.0	3.806553401e-13
84.0	0.0	3.71061104e-13
88.0	0.0	3.65140064e-13
92.0	0.0	4.222684626e-13
96.0	0.0	5.252165665e-13
100.0	0.0	5.641560324e-13
104.0	0.0	4.985920569e-13
108.0	0.0	3.387351842e-13
112.0	0.0	1.414157439e-13
116.0	0.0	-1.8961068660000002e-14
120.0	0.0	-1.275097323e-13
124.0	0.0	-1.694410938e-13
128.0	0.0	-1.090025605e-13
132.0	0.0	2.816520983e-14
136.0	0.0	1.839387612e-13
140.0	0.0	3.225430897e-13
144.0	0.0	4.191443408e-13
148.0	0.0	4.627117202e-13
152.0	0.0	4.648049266e-13
156.0	0.0	4.228847707e-13
160.0	0.0	3.241342852e-13
164.0	0.0	2.02221821e-13
168.0	0.0	7.530941728e-14
172.0	0.0	-2.7874004250000002e-14
176.0	0.0	-3.86112118e-14
180.0	0.0	3.593517404e-14
184.0	0.0	1.700057161e-13
188.0	0.0	3.479977346e-13
192.0	0.0	5.277086923e-13
196.0	0.0	6.973480553e-13
200.0	0.0	8.678614552e-13
204.0	0.0	1.043773714e-12
208.0	0.0	1.22318212e-12
212.0	0.0	1.403704364e-12
216.0	0.0	1.583209138e-12
220.0	0.0	1.760051462e-12
224.0	0.0	1.933169044e-12
228.0	0.0	2.102062114e-12
232.0	0.0	2.266735154e-12
236.0	0.0	2.427593808e-12
240.0	0.0	2.585335063e-12
244.0	0.0	2.740832956e-12
248.0	0.0	2.895019794e-12
252.0	0.0	3.048769614e-12
256.0	0.0	3.202792851e-12
260.0	0.0	3.357647543e-12
264.0	0.0	3.513707958e-12
268.0	0.0	3.671128732e-12
272.0	0.0	3.829905385e-12
276.0	0.0	3.989878796e-12
280.0	0.0	4.15075762e-12
284.0	0.0	4.312198964e-12
288.0	0.0	4.473830804e-12
292.0	0.0	4.63527439e-12
296.0	0.0	4.796202518e-12
300.0	0.0	4.956335049e-12
304.0	0.0	5.115452352e-12
308.0	0.0	5.273433407e-12
312.0	0.0	5.430244597e-12
316.0	0.0	5.585899369e-12
320.0	0.0	5.740455992e-12
324.0	0.0	5.894026522e-12
328.0	0.0	6.046727498e-12
332.0	0.0	6.198679939e-12
336.0	0.0	6.350025036e-12
340.0	0.0	6.500892775e-12
344.0	0.0	6.651375042e-12
348.0	0.0	6.801556998e-12
352.0	0.0	6.951492431e-12
356.0	0.0	7.101201511e-12
360.0	0.0	7.250697684e-12
364.0	0.0	7.399954057e-12
368.0	0.0	7.548941496e-12
372.0	0.0	7.697624143e-12
376.0	0.0	7.845952693e-12
380.0	0.0	7.993877841e-12
384.0	0.0	8.141357006e-12
388.0	0.0	8.288363294e-12
392.0	0.0	8.434872054e-12
396.0	0.0	8.580858633e-12
400.0	0.0	8.726325272e-12
404.0	0.0	8.871278695e-12
408.0	0.0	9.0157189e-12
412.0	0.0	9.159648131e-12
416.0	0.0	9.303070868e-12
420.0	0.0	9.446007282e-12
424.0	0.0	9.588475302e-12
428.0	0.0	9.730492857e-12
432.0	0.0	9.872077876e-12
436.0	0.0	1.001323708e-11
440.0	0.0	1.015397047e-11
444.0	0.0	1.029426909e-11
448.0	0.0	1.04341262e-11
452.0	0.0	1.057356871e-11
456.0	0.0	1.071261454e-11
460.0	0.0	1.085125025e-11
464.0	0.0	1.098946238e-11
468.0	0.0	1.112724197e-11
472.0	0.0	1.126459352e-11
476.0	0.0	1.140152149e-11
480.0	0.0	1.153802589e-11
484.0	0.0	1.167410223e-11
488.0	0.0	1.180975276e-11
492.0	0.0	1.194499093e-11
496.0	0.0	1.207981897e-11
500.0	0.0	1.221422792e-11
504.0	0.0	1.234820658e-11
508.0	0.0	1.24817527e-11
512.0	0.0	1.261487524e-11
516.0	0.0	1.274757646e-11
520.0	0.0	1.287985411e-11
524.0	0.0	1.301172163e-11
528.0	0.0	1.314318575e-11
532.0	0.0	1.327424422e-11
536.0	0.0	1.340490154e-11
540.0	0.0	1.353516442e-11
544.0	0.0	1.366501493e-11
548.0	0.0	1.379444411e-11
552.0	0.0	1.392347213e-11
556.0	0.0	1.405209899e-11
560.0	0.0	1.418031349e-11
564.0	0.0	1.430812682e-11
568.0	0.0	1.4435539e-11
572.0	0.0	1.456256121e-11
576.0	0.0	1.468919124e-11
580.0	0.0	1.481542234e-11
584.0	0.0	1.494127021e-11
588.0	0.0	1.506673485e-11
592.0	0.0	1.519182522e-11
596.0	0.0	1.531653461e-11
600.0	0.0	1.544084955e-11
604.0	0.0	1.556476782e-11
608.0	0.0	1.568828941e-11
612.0	0.0	1.581142552e-11
616.0	0.0	1.593417393e-11
620.0	0.0	1.605653686e-11
624.0	0.0	1.617851431e-11
628.0	0.0	1.630010854e-11
632.0	0.0	1.642133074e-11
636.0	0.0	1.654218091e-11
640.0	0.0	1.666265682e-11
644.0	0.0	1.678275621e-11
648.0	0.0	1.69024791e-11
652.0	0.0	1.702181876e-11
656.0	0.0	1.714078863e-11
660.0	0.0	1.725939993e-11
664.0	0.0	1.737764592e-11
668.0	0.0	1.749552885e-11
672.0	0.0	1.761304424e-11
676.0	0.0	1.77301876e-11
680.0	0.0	1.784697238e-11
684.0	0.0	1.79633941e-11
688.0	0.0	1.807944603e-11
692.0	0.0	1.819514163e-11
696.0	0.0	1.831048537e-11
700.0	0.0	1.842545708e-11
704.0	0.0	1.854003884e-11
708.0	0.0	1.865423961e-11
712.0	0.0	1.876809076e-11
716.0	0.0	1.888161696e-11
720.0	0.0	1.899479577e-11
724.0	0.0	1.910761377e-11
728.0	0.0	1.922007991e-11
732.0	0.0	1.933220317e-11
736.0	0.0	1.94439768e-11
740.0	0.0	1.95554053e-11
744.0	0.0	1.96664954e-11
748.0	0.0	1.977722243e-11
752.0	0.0	1.988761105e-11
756.0	0.0	1.999768144e-11
760.0	0.0	2.010740669e-11
764.0	0.0	2.021678457e-11
768.0	0.0	2.032582852e-11
772.0	0.0	2.043453182e-11
776.0	0.0	2.054288775e-11
780.0	0.0	2.065090078e-11
784.0	0.0	2.075857765e-11
788.0	0.0	2.086591387e-11
792.0	0.0	2.097290944e-11
796.0	0.0	2.107956884e-11
800.0	0.0	2.118589207e-11
804.0	0.0	2.129188361e-11
808.0	0.0	2.139754347e-11
812.0	0.0	2.150288509e-11
816.0	0.0	2.160790511e-11
820.0	0.0	2.171259233e-11
824.0	0.0	2.18169557e-11
828.0	0.0	2.192099635e-11
832.0	0.0	2.202471988e-11
836.0	0.0	2.212812741e-11
840.0	0.0	2.223120438e-11
844.0	0.0	2.233395527e-11
848.0	0.0	2.243638567e-11
852.0	0.0	2.253849335e-11
856.0	0.0	2.264027271e-11
860.0	0.0	2.274172599e-11
864.0	0.0	2.284286327e-11
868.0	0.0	2.294368903e-11
872.0	0.0	2.304419768e-11
876.0	0.0	2.314439705e-11
880.0	0.0	2.324430059e-11
884.0	0.0	2.334389822e-11
888.0	0.0	2.344318769e-11
892.0	0.0	2.354216005e-11
896.0	0.0	2.364081529e-11
900.0	0.0	2.373916349e-11
904.0	0.0	2.383721475e-11
908.0	0.0	2.393496793e-11
912.0	0.0	2.403241857e-11
916.0	0.0	2.412957114e-11
920.0	0.0	2.422642451e-11
924.0	0.0	2.432296974e-11
928.0	0.0	2.441920569e-11
932.0	0.0	2.451514805e-11
936.0	0.0	2.461078898e-11
940.0	0.0	2.470612063e-11
944.0	0.0	2.480114638e-11
948.0	0.0	2.489587181e-11
952.0	0.0	2.499030814e-11
956.0	0.0	2.508445424e-11
960.0	0.0	2.517830676e-11
964.0	0.0	2.527186121e-11
968.0	0.0	2.536511647e-11
972.0	0.0	2.545808598e-11
976.0	0.0	2.55507832e-11
980.0	0.0	2.5643207e-11
984.0	0.0	2.573533722e-11
988.0	0.0	2.582717049e-11
992.0	0.0	2.591872137e-11
996.0	0.0	2.600998428e-11
1000.0	0.0	2.610095808e-11
