# (1)t	(2)P_1	(3)P_2	(4)trace	(5)purity	(6)vonNeumann_entropy	(7)P_1 std	(8)P_2 std	(9)trace std	(10)purity std	(11)vonNeumann_entropy std
0.0	1.0	0.0	1.0	1.0	NaN	0.0	0.0	0.0	0.0	NaN
2.0	0.9815507914	0.01844920863	1.0	0.9992329462	0.003400841611	8.356077639e-6	8.356077639e-6	5.413720892999999e-16	4.671265921e-5	0.0001834815662
4.0	0.928905308	0.07109469198	1.0	0.9897326749	0.03231748771	0.0001126255698	0.0001126255698	6.080941943999999e-16	0.0005977436977	0.001585194805
6.0	0.8493463891	0.1506536109	1.0	0.9582063166	0.1032345347	0.0004807190092	0.0004807190092	5.944274112e-16	0.002206542731	0.004399277008
8.0	0.7530295977	0.2469704023	1.0	0.8991940768	0.2078985254	0.001226334959	0.001226334959	5.476600132e-16	0.004624202454	0.007436759817
10.0	0.6514495698	0.3485504302	1.0	0.8211551579	0.3234470351	0.002413081234	0.002413081234	7.771561171999999e-16	0.006964799897	0.00957255673
12.0	0.5558009707	0.4441990293	1.0	0.7413801415	0.4271378573	0.00401861748	0.00401861748	5.0742037239999995e-16	0.008462961279	0.01043451425
14.0	0.474965044	0.525034956	1.0	0.6747944038	0.5063614521	0.00582590635	0.00582590635	2.8665835229999996e-16	0.008892843891	0.01021879577
16.0	0.4139832225	0.5860167775	1.0	0.627125203	0.5599670306	0.007744977697	0.007744977697	8.158439733e-16	0.008566658179	0.009428471624
18.0	0.3738159109	0.6261840891	1.0	0.5958638047	0.5939320453	0.009841882263	0.009841882263	5.745098729e-16	0.008146718289	0.008737223707
20.0	0.3524511722	0.6475488278	1.0	0.5755375396	0.6155580075	0.01200992829	0.01200992829	7.419967476e-16	0.008188833005	0.008640514081
22.0	0.346519029	0.653480971	1.0	0.5620561245	0.6297127077	0.01394787678	0.01394787678	6.536816174999999e-16	0.008667950742	0.009050591377
24.0	0.352309915	0.647690085	1.0	0.5532180578	0.6389141072	0.01530396925	0.01530396925	7.041144553e-16	0.009088060215	0.00942792959
26.0	0.3660069472	0.6339930528	1.0	0.5474321525	0.6449082316	0.01577000362	0.01577000362	7.566187788e-16	0.008920309548	0.00921530855
28.0	0.3838389792	0.6161610208	1.0	0.5428591323	0.6496324155	0.01517005821	0.01517005821	6.236603657999999e-16	0.007991868448	0.008230674756
30.0	0.4024445109	0.5975554891	1.0	0.5377468313	0.6548951772	0.0136098651	0.0136098651	4.562582906e-16	0.006802818766	0.006987581629
32.0	0.4193383051	0.5806616949	1.0	0.5313158689	0.6614843309	0.01146627622	0.01146627622	4.853479487999999e-16	0.005971044124	0.006112169643
34.0	0.4332190859	0.5667809141	1.0	0.5241253347	0.6688142675	0.009440818405	0.009440818405	5.932743015999999e-16	0.005513993225	0.005616210611
36.0	0.443831706	0.556168294	1.0	0.5174855079	0.6755504121	0.008515883809	0.008515883809	6.536816174999999e-16	0.005012280625	0.005079400598
38.0	0.4517184568	0.5482815432	1.0	0.5123923168	0.6806975264	0.008723040713	0.008723040713	5.955782880999999e-16	0.004263231264	0.004303438597
40.0	0.4580450256	0.5419549744	1.0	0.5090214693	0.684094797	0.009021932655	0.009021932655	3.391787366e-16	0.003417694025	0.003440872742
42.0	0.4640199119	0.5359800881	1.0	0.5069604591	0.6861682685	0.008574980837	0.008574980837	3.6448095659999997e-16	0.002691994294	0.002705664076
44.0	0.4703492535	0.5296507465	1.0	0.5056433628	0.6874916232	0.007428266728	0.007428266728	3.0064981629999997e-16	0.002242466108	0.00225169843
46.0	0.4772009717	0.5227990283	1.0	0.5046693563	0.6884692642	0.006610926071	0.006610926071	3.4912743559999995e-16	0.002040888038	0.002048218018
48.0	0.4842733083	0.5157266917	1.0	0.503863059	0.6892780833	0.006818783739	0.006818783739	5.019932605e-16	0.001859834057	0.001865429323
50.0	0.4909541149	0.5090458851	1.0	0.5031869568	0.6899560815	0.007599161663	0.007599161663	3.2262333129999997e-16	0.001572639905	0.001576336436
52.0	0.4966319403	0.5033680597	1.0	0.5026470415	0.6904973705	0.008215804209	0.008215804209	2.8903730059999996e-16	0.001190631598	0.001192794249
54.0	0.5007287195	0.4992712805	1.0	0.502227123	0.6909181999	0.008310578578	0.008310578578	2.8184022169999995e-16	0.0008169931424	0.0008181977371
56.0	0.5028200191	0.4971799809	1.0	0.501855544	0.6912903712	0.007900477937	0.007900477937	3.0064981629999997e-16	0.0006203965686	0.0006212276406
58.0	0.5029737456	0.4970262544	1.0	0.5015085275	0.6916377635	0.007165435928	0.007165435928	3.8636895569999996e-16	0.0006569792491	0.0006578098564
60.0	0.5016500647	0.4983499353	1.0	0.5012381103	0.6919083962	0.006255914135	0.006255914135	3.16191656e-16	0.0007346138238	0.0007354844814
62.0	0.4993401785	0.5006598215	1.0	0.5010797904	0.6920668294	0.005430749461	0.005430749461	3.1834998589999996e-16	0.0007551961361	0.0007560599056
64.0	0.4964123823	0.5035876177	1.0	0.5010367394	0.6921099103	0.005507393658	0.005507393658	4.909590941999999e-16	0.0007565948592	0.0007574312011
66.0	0.4931439703	0.5068560297	1.0	0.5010758278	0.6920707815	0.006654471832	0.006654471832	4.3157713659999996e-16	0.0007843319547	0.0007851410551
68.0	0.4898335958	0.5101664042	1.0	0.5011517013	0.6919948278	0.007829549032	0.007829549032	3.391787366e-16	0.0008331033037	0.0008338751613
70.0	0.4868345168	0.5131654832	1.0	0.5012296038	0.6919168602	0.008278959392	0.008278959392	4.867567991999999e-16	0.0008395578398	0.0008402743555
72.0	0.4843589811	0.5156410189	1.0	0.5012876983	0.6918587586	0.007948675944	0.007948675944	3.6070384989999997e-16	0.0007522350396	0.0007528677485
74.0	0.4823877334	0.5176122666	1.0	0.50132372	0.6918227627	0.007259962605	0.007259962605	3.4119168439999996e-16	0.0006129818951	0.0006135311318
76.0	0.4808238982	0.5191761018	1.0	0.5013470745	0.6917994205	0.006681924126	0.006681924126	4.739263972e-16	0.0005158436744	0.0005163123306
78.0	0.4793607987	0.5206392013	1.0	0.5013976334	0.6917488057	0.006518331503	0.006518331503	4.1043229949999997e-16	0.0005457051133	0.0005461698078
80.0	0.4775282559	0.5224717441	1.0	0.5015365441	0.6916096995	0.006890976886	0.006890976886	4.637018209e-16	0.0007035200606	0.0007042401181
82.0	0.4751389197	0.5248610803	1.0	0.5017690474	0.6913768582	0.007487386631	0.007487386631	4.1375569219999997e-16	0.0008742273095	0.0008753627378
84.0	0.4722491672	0.5277508328	1.0	0.5020551798	0.6910903076	0.007748636677	0.007748636677	4.2839202199999997e-16	0.0009686482566	0.0009701164864
86.0	0.4689940137	0.5310059863	1.0	0.5023704359	0.6907745801	0.007359272793	0.007359272793	7.299006925999999e-16	0.0009769210072	0.0009785386741
88.0	0.4657675427	0.5342324573	1.0	0.5026951291	0.6904493563	0.006566387999	0.006566387999	5.685189909999999e-16	0.0009432290285	0.0009449240593
90.0	0.4632375145	0.5367624855	1.0	0.5029799446	0.6901640107	0.006048218088	0.006048218088	6.883780670999999e-16	0.0009243975306	0.0009261928487
92.0	0.4619800907	0.5380199093	1.0	0.503146594	0.6899969989	0.0063521566	0.0063521566	4.753690987999999e-16	0.0009607509175	0.0009626299245
94.0	0.4623046977	0.5376953023	1.0	0.5031207549	0.690022858	0.007273072316	0.007273072316	3.98582264e-16	0.00101815876	0.001020033464
96.0	0.4641820242	0.5358179758	1.0	0.5028872247	0.6902568557	0.008387723241	0.008387723241	4.768074353e-16	0.001021657469	0.001023342778
98.0	0.4672608912	0.5327391088	1.0	0.5025131559	0.6906316447	0.009538804377	0.009538804377	3.391787366e-16	0.0009467296641	0.0009480539562
100.0	0.4711248766	0.5288751234	1.0	0.5020892778	0.6910562498	0.01046475339	0.01046475339	3.8280787549999995e-16	0.0008055409958	0.0008064523446
102.0	0.4753018125	0.5246981875	1.0	0.5016894499	0.6914566547	0.01090920772	0.01090920772	4.768074353e-16	0.0006398862215	0.0006404694392
104.0	0.4792738286	0.5207261714	1.0	0.5013571044	0.691789387	0.01089413452	0.01089413452	3.7192011029999997e-16	0.0004977846611	0.0004981761453
106.0	0.4824915413	0.5175084587	1.0	0.501114769	0.6920319434	0.01064098717	0.01064098717	4.456285185e-16	0.0004218502253	0.000422162905
108.0	0.4845259812	0.5154740188	1.0	0.5009747954	0.6921720097	0.01052177069	0.01052177069	4.681111291e-16	0.00044095228	0.0004412752715
110.0	0.485339554	0.514660446	1.0	0.5009297322	0.6922170767	0.01070217661	0.01070217661	4.923518887e-16	0.0005263881921	0.0005267688135
112.0	0.4853253618	0.5146746382	1.0	0.5009526329	0.6921941233	0.01087278948	0.01087278948	2.694181874e-16	0.0006358477056	0.000636310857
114.0	0.484924737	0.515075263	1.0	0.5010169673	0.6921297015	0.01072376781	0.01072376781	4.562582906e-16	0.0007444711118	0.0007450595875
116.0	0.4843276246	0.5156723754	1.0	0.5010895924	0.6920569895	0.01022333884	0.01022333884	3.3306690739999997e-16	0.0008204595092	0.0008211890648
118.0	0.4835560306	0.5164439694	1.0	0.5011403449	0.6920061917	0.009483700745	0.009483700745	3.625973215e-16	0.0008354424675	0.000836238927
120.0	0.4824633596	0.5175366404	1.0	0.5011770123	0.6919695216	0.008617590038	0.008617590038	6.236603657999999e-16	0.0007829135872	0.0007836515155
122.0	0.4809886604	0.5190113396	1.0	0.5012251548	0.6919213817	0.00768909806	0.00768909806	3.2262333129999997e-16	0.0006897882845	0.0006903954606
124.0	0.4794323294	0.5205676706	1.0	0.5012952821	0.6918512278	0.007063995702	0.007063995702	5.233641528999999e-16	0.0006068300765	0.0006073328942
126.0	0.4782658885	0.5217341115	1.0	0.5013708536	0.6917755952	0.007451080533	0.007451080533	6.32383312e-16	0.0005896723409	0.0005901446019
128.0	0.4779113227	0.5220886773	1.0	0.5014313901	0.691714962	0.009068788847	0.009068788847	4.0539612959999994e-16	0.0006934914293	0.0006940615173
130.0	0.4785774246	0.5214225754	1.0	0.5014691768	0.6916770459	0.01118104883	0.01118104883	4.622227043999999e-16	0.0008883728655	0.0008892079445
132.0	0.4800616312	0.5199383688	1.0	0.5014827172	0.6916633734	0.01293945768	0.01293945768	6.823833689e-16	0.001087708311	0.001088868581
134.0	0.4818848019	0.5181151981	1.0	0.5014670628	0.6916789418	0.01396543723	0.01396543723	4.753690987999999e-16	0.001232696254	0.001234108373
136.0	0.4835354699	0.5164645301	1.0	0.5014219558	0.6917240311	0.01421202918	0.01421202918	4.2194966969999994e-16	0.001312610352	0.001314153772
138.0	0.4844304646	0.5155695354	1.0	0.5013628284	0.6917831882	0.01378365627	0.01378365627	4.81096644e-16	0.001344122228	0.001345708869
140.0	0.4840171363	0.5159828637	1.0	0.5013238557	0.6918221996	0.01278551692	0.01278551692	5.745098729e-16	0.001339487066	0.001341145881
142.0	0.4821751169	0.5178248831	1.0	0.5013513043	0.6917947475	0.01146626444	0.01146626444	4.895623371999999e-16	0.001312894278	0.001314749252
144.0	0.4790480842	0.5209519158	1.0	0.5014976659	0.6916482719	0.01018055158	0.01018055158	3.2262333129999997e-16	0.001280284764	0.001282391776
146.0	0.4749049602	0.5250950398	1.0	0.5018075553	0.6913380484	0.009274195374	0.009274195374	5.259744641e-16	0.001269275004	0.001271641436
148.0	0.4703374397	0.5296625603	1.0	0.5022537057	0.6908912921	0.008656186588	0.008656186588	6.609739089e-16	0.001269419017	0.001272003357
150.0	0.4660871384	0.5339128616	1.0	0.5027403088	0.6904039093	0.007876950231	0.007876950231	5.350102691999999e-16	0.001225579719	0.001228226777
152.0	0.4627666218	0.5372333782	1.0	0.5031572002	0.6899862672	0.006930449441	0.006930449441	4.1209734609999994e-16	0.001124071049	0.001126583992
154.0	0.4609346997	0.5390653003	1.0	0.5033864008	0.6897566217	0.006348477067	0.006348477067	4.753690987999999e-16	0.001036768513	0.001039119776
156.0	0.4609504654	0.5390495346	1.0	0.5033475495	0.6897955494	0.006594810384	0.006594810384	5.087681049e-16	0.00105437681	0.001056795464
158.0	0.4628663901	0.5371336099	1.0	0.5030338912	0.690109807	0.007428271969	0.007428271969	5.451535468e-16	0.001159601963	0.001162317356
160.0	0.4665538482	0.5334461518	1.0	0.502503315	0.6906413229	0.008165373491	0.008165373491	4.853479487999999e-16	0.001219742589	0.001222486129
162.0	0.471528424	0.528471576	1.0	0.5018879352	0.6912576709	0.008391218381	0.008391218381	3.916498697e-16	0.001128742029	0.001130906578
164.0	0.4770362272	0.5229637728	1.0	0.5013233135	0.6918230426	0.008081771744	0.008081771744	4.502148675999999e-16	0.0008926670661	0.0008939334572
166.0	0.4824350794	0.5175649206	1.0	0.5008829142	0.6922638871	0.007608293495	0.007608293495	5.375640319999999e-16	0.0006297411589	0.0006303048538
168.0	0.4869750899	0.5130249101	1.0	0.5006080738	0.6925389219	0.007319007226	0.007319007226	3.933944212e-16	0.0004527232424	0.0004529628552
170.0	0.4897416025	0.5102583975	1.0	0.5004941479	0.6926529082	0.007202446744	0.007202446744	5.563437257999999e-16	0.000378315301	0.0003784665494
172.0	0.4901772777	0.5098227223	1.0	0.5004874291	0.6926596307	0.007151115677	0.007151115677	4.471625282e-16	0.0003714312285	0.0003715756196
174.0	0.488298884	0.511701116	1.0	0.5005658298	0.6925811911	0.007107191913	0.007107191913	5.501550602999999e-16	0.0004192959086	0.0004194858757
176.0	0.4846326217	0.5153673783	1.0	0.5007622016	0.6923847014	0.007113534873	0.007113534873	3.4716050479999996e-16	0.0005278864844	0.0005282185452
178.0	0.4800609939	0.5199390061	1.0	0.5011095601	0.6920370609	0.007371239401	0.007371239401	4.681111291e-16	0.000703301555	0.0007039549399
180.0	0.4753670643	0.5246329357	1.0	0.5015928503	0.691553222	0.007987618408	0.007987618408	5.538765575e-16	0.0009313676047	0.000932605926
182.0	0.4711543485	0.5288456515	1.0	0.5021146525	0.6910306369	0.008626960177	0.008626960177	5.426355030999999e-16	0.001148520541	0.001150543756
184.0	0.4679048517	0.5320951483	1.0	0.5025408428	0.6906037067	0.008841039456	0.008841039456	4.768074353e-16	0.001253448143	0.001256076659
186.0	0.4658658891	0.5341341109	1.0	0.5027940008	0.6903501432	0.008373323927	0.008373323927	5.350102691999999e-16	0.001190640136	0.001193303819
188.0	0.4651695053	0.5348304947	1.0	0.5028590875	0.6902850375	0.007418587053	0.007418587053	5.362886707e-16	0.001036197036	0.001038411552
190.0	0.4658270024	0.5341729976	1.0	0.5027667	0.6903776486	0.006630104806	0.006630104806	6.547283461e-16	0.0009538984114	0.0009556706317
192.0	0.4676910786	0.5323089214	1.0	0.5025576113	0.6905870805	0.006511403728	0.006511403728	5.792579691e-16	0.001003289424	0.001005001426
194.0	0.4704387252	0.5295612748	1.0	0.5022655887	0.6908795324	0.006834191863	0.006834191863	6.578585392999999e-16	0.001069836764	0.001071614707
196.0	0.4736424348	0.5263575652	1.0	0.5019351784	0.6912104291	0.007000024447	0.007000024447	5.141237061999999e-16	0.001034612211	0.001036191142
198.0	0.4769199393	0.5230800607	1.0	0.5016159014	0.6915301681	0.006824869544	0.006824869544	3.4319282579999996e-16	0.0008916282454	0.0008927696089
200.0	0.4799623691	0.5200376309	1.0	0.5013417159	0.6918047085	0.006716384764	0.006716384764	5.827936559e-16	0.0007185718287	0.0007193021856
