# (1)t	(2)P_1	(3)P_2	(4)trace	(5)purity	(6)vonNeumann_entropy	(7)P_1 std	(8)P_2 std	(9)trace std	(10)purity std	(11)vonNeumann_entropy std
0.0	0.0	0.0	0.0	0.0	NaN	0.0	0.0	0.0	0.0	NaN
2.0	0.0	0.0	0.0	0.0	0.0	0.0	0.0	0.0	0.0	0.0
4.0	2.2093222739999998e-21	-2.6617798939999998e-21	-4.524576196e-22	-2.131140361e-19	9.416275254e-19	6.384278639e-21	7.125637463e-21	8.579997659e-21	8.499648241e-19	2.475362497e-18
6.0	-1.609402856e-20	-9.971258057e-21	-2.6065286620000003e-20	-2.0381978900000002e-19	1.763262037e-19	2.8002875660000004e-20	2.294018781e-20	4.067083953e-20	1.543151872e-18	3.230106685e-18
8.0	-1.9472913970000002e-20	-6.228460469e-23	-1.953519857e-20	6.211536852e-19	-1.25199084e-18	6.956061445000001e-20	5.686457557e-20	1.089864147e-19	2.062634438e-18	5.724978413e-18
10.0	-1.1374981330000001e-20	4.250136754e-21	-7.124844574e-21	2.5466960369999998e-18	-2.525655385e-18	1.591429574e-19	1.728077613e-19	2.2999358150000003e-19	3.686481145e-18	5.131572653e-18
12.0	2.6875397950000002e-20	3.7078433670000004e-20	6.395383162000001e-20	2.838945423e-18	-4.468327975e-18	3.1187547400000004e-19	2.5032575e-19	3.983359218e-19	3.703511277e-18	2.9884474089999998e-18
14.0	1.023271334e-19	1.39086277e-20	1.162357611e-19	3.583141428e-18	-2.826389686e-18	4.793461446000001e-19	3.764665862e-19	5.862891499000001e-19	1.449690338e-17	2.0804403e-17
16.0	1.337543207e-19	2.3471011620000003e-20	1.572253323e-19	1.1831172e-18	-2.2469973020000003e-19	7.484945403e-19	3.536916492e-19	7.475869679e-19	8.752925942e-18	1.777167054e-17
18.0	1.182592262e-19	4.5485691490000006e-20	1.637449177e-19	1.540346512e-18	-1.012089299e-17	9.576647903000001e-19	4.609173277000001e-19	9.072969973e-19	3.4173650789999998e-18	1.530458106e-17
20.0	7.827685492999999e-21	2.322421143e-20	3.1051896920000004e-20	4.904028085e-18	-9.155115047e-18	1.174642976e-18	5.150116698e-19	1.0681342969999999e-18	5.841829753e-18	2.207187543e-17
22.0	-1.3200278380000002e-19	1.5222543730000002e-20	-1.167802401e-19	2.016100362e-19	7.059951485e-18	1.343643214e-18	4.76003703e-19	1.128807618e-18	2.0016899e-18	1.50829737e-17
24.0	-1.827635729e-19	-5.404874785e-20	-2.368123208e-19	-4.687172551e-19	3.79644934e-18	1.388291604e-18	4.965642437e-19	1.107329851e-18	1.479688325e-18	1.7742135779999998e-17
26.0	-1.8860332980000002e-19	-1.8057432260000002e-19	-3.6917765240000004e-19	-5.536394211e-20	-4.897493422e-18	1.391299219e-18	6.351974817000001e-19	1.084260911e-18	2.756928165e-18	4.452646848e-17
28.0	-1.879418004e-19	-3.036590814e-19	-4.916008818e-19	-2.956311087e-19	-3.643180829e-18	1.348172034e-18	6.673794034e-19	1.101880436e-18	2.703238411e-18	8.768359823e-18
30.0	-2.3581954940000003e-19	-3.916346267e-19	-6.274541762000001e-19	-1.025646678e-18	-1.607676809e-19	1.333067681e-18	6.722819498000001e-19	1.142338953e-18	1.609134874e-18	2.991671759e-18
32.0	-2.847442782e-19	-4.114394946e-19	-6.961837727e-19	-9.919309094e-19	-3.0081154169999998e-18	1.374882298e-18	7.503002982e-19	1.297268286e-18	2.354481213e-18	7.662157331999999e-18
34.0	-3.517627671e-19	-3.168344721e-19	-6.685972392000001e-19	-5.0355661990000006e-20	3.8232233479999996e-18	1.389461168e-18	9.222629838e-19	1.509346194e-18	3.092247651e-18	1.172082928e-17
36.0	-4.46131341e-19	-1.327671437e-19	-5.788984848000001e-19	1.966589389e-19	-1.014430897e-17	1.324029655e-18	1.139199193e-18	1.59937049e-18	4.0955549349999996e-18	3.51689257e-17
38.0	-4.783652665e-19	3.215058487e-20	-4.462146817e-19	-2.8933278770000003e-20	-7.501220238e-18	1.2380830029999999e-18	1.33032747e-18	1.649484917e-18	1.939614853e-18	8.776489226e-18
40.0	-4.854844351e-19	1.209056421e-19	-3.64578793e-19	4.184407982e-19	5.403156980000001e-19	1.156373134e-18	1.536149495e-18	1.709896161e-18	1.920356791e-18	1.63751407e-17
42.0	-4.303771442e-19	1.805237625e-19	-2.498533817e-19	-1.6989298810000003e-20	-1.168000733e-17	1.052296124e-18	1.720544902e-18	1.841960739e-18	2.270692383e-18	2.126477874e-17
44.0	-3.79483318e-19	1.743963762e-19	-2.0508694180000002e-19	-1.1842606039999999e-18	2.289001221e-18	1.01107832e-18	1.774720463e-18	1.957010867e-18	2.858628891e-18	7.615525207e-18
46.0	-3.8183119010000003e-19	1.5281104990000002e-19	-2.290201402e-19	1.232118906e-20	-1.510684909e-18	1.070685671e-18	1.90223472e-18	2.167086935e-18	2.00696402e-18	1.16217173e-17
48.0	-3.8476658720000003e-19	1.114761781e-19	-2.73290409e-19	4.903033732000001e-19	6.064997818e-18	1.0555236669999999e-18	1.999914159e-18	2.234129125e-18	2.1249616979999998e-18	1.7117410959999998e-17
50.0	-4.2493160250000003e-19	6.854005222e-20	-3.563915503e-19	-3.6205359800000003e-19	2.836773356e-18	1.1325396119999999e-18	2.066512078e-18	2.313684236e-18	2.5575224119999998e-18	4.922726352e-18
52.0	-4.654154543e-19	-2.168815614e-21	-4.675842699e-19	-7.035680941e-19	3.312723327e-18	1.230669074e-18	2.13658253e-18	2.449217095e-18	2.8446982119999998e-18	7.015467507e-18
54.0	-4.316310439e-19	-1.0114226560000001e-20	-4.417452705000001e-19	-3.7826742180000003e-19	7.417344041e-18	1.387930268e-18	2.133741712e-18	2.555033874e-18	3.070730842e-18	2.396851536e-17
56.0	-4.063637222e-19	-2.7068158920000002e-20	-4.334318811e-19	-7.665996126e-19	-2.845671235e-18	1.5359729169999999e-18	2.135241033e-18	2.677809778e-18	2.852969708e-18	7.822076841e-18
58.0	-3.0392559570000003e-19	-8.693352623e-20	-3.90859122e-19	-5.570675174e-19	-4.688577282e-18	1.623222895e-18	2.162071707e-18	2.763529012e-18	3.245247901e-18	1.45067558e-17
60.0	-9.160416041e-20	-2.071148575e-19	-2.987190179e-19	-3.681428457e-19	5.134792987e-18	1.7276448069999999e-18	2.180461864e-18	2.844453238e-18	2.893764721e-18	6.051827272e-18
62.0	1.282676421e-19	-3.692855241e-19	-2.41017882e-19	-5.214681942e-19	5.454029592e-19	1.642959803e-18	2.171121722e-18	2.754911732e-18	2.687140624e-18	1.377613138e-17
64.0	2.950453449e-19	-5.248360767e-19	-2.297907319e-19	-4.620067663e-19	1.462928513e-18	1.596895639e-18	2.19972728e-18	2.669482154e-18	2.759146126e-18	2.7263235259999998e-17
66.0	4.11579738e-19	-6.768309531e-19	-2.6525121510000003e-19	-4.754566113e-19	-8.739772594e-18	1.54662492e-18	2.204034958e-18	2.559791115e-18	2.407551178e-18	2.172059744e-17
68.0	3.8448303940000003e-19	-7.167798808000001e-19	-3.322968413e-19	-3.693283212e-19	-1.72341191e-18	1.626282416e-18	2.21011854e-18	2.467843276e-18	2.605339332e-18	9.274064198999999e-18
70.0	1.5755932970000002e-19	-6.878551608000001e-19	-5.302958311e-19	-6.039477501000001e-19	6.574555937e-19	1.778656427e-18	2.238376681e-18	2.357374006e-18	2.541110511e-18	5.252381361e-18
72.0	-1.690795462e-19	-5.966893381000001e-19	-7.657688843e-19	-9.464682013e-19	5.0983265409999996e-18	1.846016361e-18	2.247795772e-18	2.205248061e-18	2.344604299e-18	1.8835398559999998e-17
74.0	-5.357121823e-19	-3.9294560610000004e-19	-9.286577884e-19	-9.788028024e-19	6.077206093e-18	1.908527686e-18	2.346486397e-18	2.295001407e-18	2.448919557e-18	2.129185786e-17
76.0	-8.0128420280000005e-19	-1.4690288e-19	-9.481870828000001e-19	-9.488983181e-19	2.8476374659999998e-18	1.914806637e-18	2.345543486e-18	2.293541695e-18	2.307212807e-18	9.747379119999999e-18
78.0	-9.377450335e-19	1.078847842e-19	-8.298602492000001e-19	-1.031205408e-18	7.14400836e-18	1.943516664e-18	2.288499051e-18	2.186831825e-18	2.310600138e-18	1.7062731659999998e-17
80.0	-9.460759371e-19	3.345948962e-19	-6.114810409e-19	-7.550620477000001e-19	1.074377542e-18	2.014811075e-18	2.059280475e-18	1.999615094e-18	2.079087054e-18	1.2213407599999999e-17
82.0	-8.641775354e-19	5.512932068e-19	-3.128843286e-19	-4.1959578090000003e-19	-7.861621725e-18	2.002524612e-18	1.856247987e-18	1.96988133e-18	1.896959111e-18	1.8901245199999998e-17
84.0	-5.356121474e-19	7.278038749000001e-19	1.921917275e-19	2.003905836e-19	1.412896202e-18	1.936058133e-18	1.940269048e-18	2.058852006e-18	2.040187325e-18	5.691969023e-18
86.0	-1.9752248430000001e-19	8.162103553e-19	6.186878711e-19	6.117943772e-19	3.604343107e-19	1.838838968e-18	2.189108418e-18	2.086349881e-18	2.202352963e-18	1.853481644e-17
88.0	6.787631975e-20	7.605373638e-19	8.284136836000001e-19	8.810333121000001e-19	3.382155933e-18	1.8422904699999998e-18	2.465990073e-18	2.140887333e-18	2.288234916e-18	3.571205473e-17
90.0	2.713981354e-19	5.918277510000001e-19	8.632258864e-19	8.92686987e-19	-6.295924695e-18	2.013395408e-18	2.6912963209999998e-18	2.339008758e-18	2.459793041e-18	1.459379384e-17
92.0	3.776093317e-19	4.228290364e-19	8.004383682000001e-19	8.329684986e-19	7.418514824e-20	2.356219974e-18	2.891909852e-18	2.830657579e-18	2.884912612e-18	9.010233812e-18
94.0	4.2777214370000003e-19	1.762410333e-19	6.04013177e-19	5.055212969e-19	-2.846395688e-18	2.507613385e-18	2.871238838e-18	3.199155282e-18	3.216423051e-18	2.434485918e-17
96.0	2.2195755910000003e-19	-4.150842219e-20	1.8044913690000002e-19	3.0179020970000003e-19	-5.5320260019999996e-18	2.418676316e-18	2.619329125e-18	3.162332793e-18	3.126509851e-18	3.1425644319999997e-17
98.0	3.540386953e-20	-3.030439199e-19	-2.676400504e-19	-3.353267157e-19	4.315138406e-18	2.288365023e-18	2.225054676e-18	2.885724624e-18	2.876862909e-18	1.134853943e-17
100.0	-1.0114610020000001e-19	-5.339192757e-19	-6.350653759e-19	-7.026881904e-19	-4.595149253e-18	2.192601108e-18	1.83246989e-18	2.5179282859999998e-18	2.421847565e-18	1.458786011e-17
102.0	-5.747041347000001e-20	-7.25726876e-19	-7.831972894e-19	-8.29699587e-19	5.925470478e-18	2.156768971e-18	1.558116051e-18	2.251744319e-18	2.219190723e-18	2.2488374e-17
104.0	6.967341041000001e-20	-8.589301028e-19	-7.892566924e-19	-8.648128828000001e-19	7.424495363e-18	2.17859281e-18	1.436837561e-18	2.206978123e-18	2.099952082e-18	3.060070817e-17
106.0	2.645623118e-19	-9.304589684000001e-19	-6.658966566e-19	-6.294303838e-19	-2.41034133e-18	2.18000974e-18	1.472788982e-18	2.306131076e-18	2.268146218e-18	1.137785e-17
108.0	4.793531096e-19	-1.002807866e-18	-5.234547566e-19	-5.329956797000001e-19	-7.537598922e-18	2.137300518e-18	1.5272795829999999e-18	2.480527307e-18	2.380803209e-18	1.6576148369999998e-17
110.0	6.362469351e-19	-1.090850549e-18	-4.54603614e-19	-6.04725117e-19	1.096157379e-17	2.003989621e-18	1.616813172e-18	2.584517352e-18	2.636707964e-18	2.6885353979999998e-17
112.0	6.547735818e-19	-1.125562278e-18	-4.707886967e-19	-4.2977949470000003e-19	5.730132659e-18	1.92614116e-18	1.692259875e-18	2.733073305e-18	2.71258295e-18	1.156821625e-17
114.0	5.759475471000001e-19	-1.116357101e-18	-5.404095541e-19	-6.557830702e-19	2.400949134e-18	1.998812588e-18	1.725008878e-18	2.799850262e-18	2.725062984e-18	1.479644068e-17
116.0	4.151683307e-19	-1.090936625e-18	-6.75768294e-19	-4.824436917e-19	-2.407372339e-18	2.1885638329999998e-18	1.663148987e-18	2.874326217e-18	2.936047277e-18	1.148839162e-17
118.0	2.727826319e-19	-9.171990254e-19	-6.444163936e-19	-6.548819804e-19	-4.4643776989999996e-18	2.490860541e-18	1.573127757e-18	3.180942975e-18	3.174792411e-18	2.258286627e-17
120.0	2.936061081e-19	-6.321985699000001e-19	-3.385924617e-19	-3.6936800370000003e-19	-3.741856757e-18	2.846408723e-18	1.655893066e-18	3.574283659e-18	3.479161484e-18	3.0032696139999996e-17
122.0	3.43836705e-19	-2.415624558e-19	1.022742491e-19	2.4123835100000003e-19	6.043452002e-19	3.08183661e-18	1.847237549e-18	3.915920365e-18	4.064029013e-18	7.174997895e-18
124.0	5.063518168e-19	1.2273587770000001e-19	6.290876945e-19	5.752529803e-19	7.490832983e-18	3.2545387969999998e-18	2.201510817e-18	4.239728045e-18	4.1406037819999996e-18	2.221919445e-17
126.0	7.250991255000001e-19	3.3132594e-19	1.056425065e-18	9.908082477000001e-19	-4.336356688e-18	3.278181717e-18	2.465408344e-18	4.447881007e-18	4.474570453e-18	1.418105521e-17
128.0	8.487789837000001e-19	3.1461228740000003e-19	1.163391271e-18	1.195304564e-18	-2.906371435e-18	3.395653565e-18	2.741786698e-18	4.638501772e-18	4.80337981e-18	1.723269513e-17
130.0	8.947993927e-19	1.580369276e-19	1.0528363199999999e-18	9.051729902000001e-19	-6.331278488e-18	3.518599933e-18	2.9880951599999998e-18	4.826029241e-18	4.752439415e-18	2.7672512659999997e-17
132.0	9.132250187e-19	1.643869199e-20	9.296637107e-19	8.962243631e-19	1.393736842e-18	3.639331108e-18	3.242207149e-18	4.986068742e-18	5.4363633809999996e-18	9.772265302e-18
134.0	8.954809351e-19	-8.307154227000001e-20	8.124093928e-19	4.864750119e-19	4.463478392e-18	3.695901295e-18	3.323862849e-18	4.990408928e-18	5.125852899e-18	2.235439204e-17
136.0	8.609383805000001e-19	-9.303447680000001e-20	7.679039037e-19	8.338638126000001e-19	-2.674055335e-18	3.631554727e-18	3.140573544e-18	4.713594433e-18	4.497747612e-18	1.500873837e-17
138.0	8.501591283e-19	-1.512172522e-19	6.989418762e-19	7.773975261000001e-19	7.902549586e-18	3.402204843e-18	2.8738457749999998e-18	4.397495432e-18	4.41024147e-18	1.9949212659999998e-17
140.0	7.92827494e-19	-2.376438793e-19	5.551836147000001e-19	7.746545554000001e-19	1.3895447550000002e-19	3.11506423e-18	2.554245489e-18	4.124285858e-18	4.220441258e-18	7.768380216e-18
142.0	7.605945085e-19	-3.981493381e-19	3.6244517030000003e-19	3.683094944e-19	2.448184533e-18	2.939806076e-18	2.27576841e-18	3.970592216e-18	3.8938165749999996e-18	2.118493254e-17
144.0	6.756164977e-19	-4.937995499e-19	1.818169478e-19	2.580591951e-19	4.62691508e-18	2.785533924e-18	1.983975355e-18	3.712647296e-18	3.628730998e-18	1.010407555e-17
146.0	3.858219549e-19	-6.444163743000001e-19	-2.5859441950000002e-19	-1.348194624e-19	2.604102113e-18	2.696775198e-18	1.674939918e-18	3.494573828e-18	3.188847905e-18	9.108917592e-18
148.0	-1.091763135e-20	-8.399088349000001e-19	-8.508264662000001e-19	-9.388166814e-19	-4.979123794e-18	2.628679914e-18	1.5366440219999999e-18	3.265957956e-18	3.0416533879999998e-18	2.58054694e-17
150.0	-3.828723389e-19	-1.075457199e-18	-1.4583295379999999e-18	-1.421740901e-18	7.934977694e-18	2.663090636e-18	1.714767958e-18	3.308798963e-18	3.057862662e-18	2.483565748e-17
152.0	-6.377804112e-19	-1.29291957e-18	-1.930699981e-18	-1.839377685e-18	4.260598683e-18	2.892105778e-18	2.177233336e-18	3.673148839e-18	3.483520723e-18	1.513503408e-17
154.0	-6.996519024e-19	-1.335382916e-18	-2.035034818e-18	-1.822211295e-18	-1.162891091e-17	3.056705106e-18	2.519285893e-18	3.948340124e-18	3.969188518e-18	1.499613606e-17
156.0	-5.919784425e-19	-1.339707911e-18	-1.931686353e-18	-2.085558727e-18	2.616783867e-18	3.01879887e-18	2.745940769e-18	4.19608124e-18	4.1748442659999996e-18	1.20944831e-17
158.0	-3.637434829e-19	-1.354863844e-18	-1.718607327e-18	-1.836719712e-18	-7.937534591e-19	2.8009016729999998e-18	2.8582665979999998e-18	4.22610506e-18	4.373950875e-18	1.4634454429999998e-17
160.0	4.153120664e-20	-1.4133942449999999e-18	-1.371863039e-18	-1.561268757e-18	1.056994408e-18	2.534044794e-18	2.816732314e-18	4.115200472e-18	4.048944899e-18	1.017977612e-17
162.0	4.675687612e-19	-1.321216316e-18	-8.536475549e-19	-1.087159866e-18	1.963619158e-18	2.43384242e-18	2.736364296e-18	3.790160052e-18	3.81185571e-18	1.263320068e-17
164.0	8.229279064000001e-19	-1.141899048e-18	-3.18971142e-19	-3.086675238e-19	-9.226881763e-19	2.55620816e-18	2.798047686e-18	3.4521834639999998e-18	3.536446362e-18	1.2723899619999999e-17
166.0	1.0932623829999999e-18	-1.017754223e-18	7.550816011e-20	-1.077437664e-21	-5.806816832e-18	2.7632673419999998e-18	2.904479623e-18	3.243401075e-18	3.408592274e-18	1.370745486e-17
168.0	1.266357297e-18	-8.632511974e-19	4.031060995e-19	4.443358445000001e-19	-5.544046298e-18	2.86162114e-18	3.106740466e-18	3.3734702679999998e-18	3.574187872e-18	1.936997934e-17
170.0	1.389331662e-18	-6.487219629e-19	7.406096991e-19	7.7311375600000005e-19	2.565418791e-18	2.702176391e-18	3.166199487e-18	3.497966481e-18	3.703608741e-18	1.6968637029999998e-17
172.0	1.452055429e-18	-3.216091746e-19	1.130446254e-18	1.140327279e-18	1.314246531e-18	2.312035091e-18	3.106655248e-18	3.610648451e-18	3.936115398e-18	6.78057112e-18
174.0	1.442217615e-18	4.78955209e-20	1.490113136e-18	1.573151596e-18	4.273520054e-18	1.966888152e-18	2.931293904e-18	3.677099536e-18	3.894167572e-18	2.308262397e-17
176.0	1.228293922e-18	3.42728811e-19	1.571022733e-18	1.562094127e-18	-7.9973898990000005e-19	1.93000397e-18	2.64900534e-18	3.701122825e-18	3.71742876e-18	2.439256242e-17
178.0	1.039540059e-18	5.648995204e-19	1.604439579e-18	1.656254573e-18	4.208676268e-19	2.170360197e-18	2.5724083379999998e-18	3.78223256e-18	3.903534273e-18	1.3786221129999999e-17
180.0	8.086514249000001e-19	6.086204456e-19	1.417271871e-18	1.518152855e-18	6.9487702600000005e-19	2.669045178e-18	2.653829924e-18	4.050451538e-18	4.116876843e-18	1.546692728e-17
182.0	4.604856832e-19	5.569711458e-19	1.017456829e-18	1.089008513e-18	-1.187727458e-18	3.172207379e-18	2.779817044e-18	4.459865232e-18	4.453834638e-18	1.945130509e-17
184.0	-5.2207641240000006e-20	4.55280309e-19	4.030726678e-19	5.64951262e-19	9.87066939e-18	3.671703639e-18	2.869043711e-18	4.966854186e-18	4.893205281e-18	2.8625949079999996e-17
186.0	-6.350187252e-19	4.030397906e-19	-2.319789346e-19	-8.459560166000001e-20	1.223048708e-18	4.182738443e-18	2.930906774e-18	5.529514758e-18	5.4816203219999996e-18	2.5959346919999998e-17
188.0	-1.250051371e-18	3.1964443470000003e-19	-9.304069364e-19	-9.117078449e-19	-4.741992978e-18	4.52961741e-18	3.030218563e-18	5.962572843e-18	5.739507893e-18	1.907867788e-17
190.0	-1.66675462e-18	1.3319953560000001e-19	-1.533555084e-18	-1.405948428e-18	-1.943284462e-17	4.737735627e-18	3.162437731e-18	6.2833282709999996e-18	6.218728787e-18	3.216559564e-17
192.0	-1.903312482e-18	-1.9169564210000002e-19	-2.095008124e-18	-1.943200796e-18	7.839990031e-18	4.558647008e-18	3.504624846e-18	6.453849206e-18	6.418065802e-18	1.991954342e-17
194.0	-1.9769521869999998e-18	-5.8586953500000005e-19	-2.562821722e-18	-2.622703265e-18	1.432120899e-18	4.0465892149999996e-18	4.032895169e-18	6.459982434e-18	6.415324004e-18	8.203522648e-18
196.0	-1.962378077e-18	-9.758023843e-19	-2.938180461e-18	-3.170821445e-18	-5.2112472300000005e-19	3.348648204e-18	4.616310054e-18	6.335514448e-18	6.309873386e-18	5.9418573059999996e-18
198.0	-1.688126032e-18	-1.301682129e-18	-2.989808161e-18	-2.923549158e-18	1.598728892e-18	2.751468416e-18	5.03577095e-18	6.096827617e-18	6.123187161e-18	1.387679566e-17
200.0	-1.142948971e-18	-1.459179631e-18	-2.602128602e-18	-2.650738084e-18	1.645600007e-18	2.672399282e-18	5.169828275e-18	5.9616532089999996e-18	6.201866442e-18	1.3565894729999999e-17
