# (1)t	(2)P_1	(3)P_2	(4)trace	(5)purity	(6)vonNeumann_entropy	(7)P_1 std	(8)P_2 std	(9)trace std	(10)purity std	(11)vonNeumann_entropy std
0.0	1.0	0.0	1.0	1.0	NaN	0.0	0.0	0.0	0.0	NaN
2.0	0.9815501104	0.0184498896	1.0	0.9992327806	0.003401966066	3.793177868e-6	3.793177868e-6	9.072484002999999e-16	2.338434687e-5	9.184232601e-5
4.0	0.9289061859	0.07109381415	1.0	0.989710934	0.03238014508	7.698189664e-5	7.698189664e-5	9.354905486999999e-16	0.0003543783596	0.000938413315
6.0	0.8494152246	0.1505847754	1.0	0.9580827483	0.1034935824	0.0004091598434	0.0004091598434	6.783574732e-16	0.001538564384	0.003060269223
8.0	0.7534082112	0.2465917888	1.0	0.8988933364	0.2083978296	0.001179789888	0.001179789888	7.060568437e-16	0.003666626155	0.005883809184
10.0	0.6526759965	0.3473240035	1.0	0.8207510661	0.3240141156	0.00246659661	0.00246659661	8.958551260999999e-16	0.006106582743	0.00838046135
12.0	0.5585930172	0.4414069828	1.0	0.7408023101	0.4278541983	0.004253887357	0.004253887357	4.607388396e-16	0.008135652124	0.01001892099
14.0	0.479650903	0.520349097	1.0	0.6736259323	0.5076978371	0.006164584614	0.006164584614	1.8503717079999998e-16	0.009560096833	0.01096897544
16.0	0.420052435	0.579947565	1.0	0.6250060985	0.5622821655	0.007636762981	0.007636762981	5.733167047e-16	0.01046778362	0.01149817372
18.0	0.3797337539	0.6202662461	1.0	0.5932287084	0.5967385357	0.008592530634	0.008592530634	4.666459889999999e-16	0.01048290368	0.01122195132
20.0	0.3560796402	0.6439203598	1.0	0.5739747034	0.6171992198	0.009323281965	0.009323281965	5.697222070999999e-16	0.009348084219	0.009861016534
22.0	0.3461819525	0.6538180475	1.0	0.5633415244	0.6283748535	0.009827664723	0.009827664723	3.845925373e-16	0.007646665692	0.008001187056
24.0	0.3473541861	0.6526458139	1.0	0.5583216896	0.6336222809	0.009790281704	0.009790281704	6.992348783999999e-16	0.006093540358	0.006351884235
26.0	0.3568459035	0.6431540965	1.0	0.5562742366	0.635758518	0.008953317917	0.008953317917	6.366999717999999e-16	0.004867905816	0.005070103952
28.0	0.3717887893	0.6282112107	1.0	0.554466829	0.6376392186	0.007427332164	0.007427332164	8.150041954e-16	0.004325431725	0.004500488554
30.0	0.3892116362	0.6107883638	1.0	0.5507020519	0.6415443578	0.005981160715	0.005981160715	5.285718846999999e-16	0.004559446086	0.004726561302
32.0	0.4064913658	0.5935086342	1.0	0.544118705	0.6483479731	0.005865161987	0.005865161987	8.981453432e-16	0.004773953922	0.004922329443
34.0	0.4218976579	0.5781023421	1.0	0.5354951708	0.6572130972	0.007038816631	0.007038816631	6.024373812999999e-16	0.004470016194	0.00457951708
36.0	0.4347185989	0.5652814011	1.0	0.5265844365	0.6663175466	0.008200034799	0.008200034799	4.753690987999999e-16	0.003733896664	0.003801099355
38.0	0.4450893611	0.5549106389	1.0	0.518927039	0.6740963427	0.008850031135	0.008850031135	4.768074353e-16	0.002845541887	0.00288142333
40.0	0.4538757679	0.5461242321	1.0	0.513196219	0.6798909911	0.009060891746	0.009060891746	6.42054986e-16	0.002050545473	0.00206860395
42.0	0.4621217043	0.5378782957	1.0	0.5093031821	0.683814187	0.008757101189	0.008757101189	5.060690507999999e-16	0.001557946637	0.001567857799
44.0	0.4704448265	0.5295551735	1.0	0.5068447052	0.6862861271	0.007932700266	0.007932700266	4.1869132229999996e-16	0.001454554111	0.001461406814
46.0	0.4789645356	0.5210354644	1.0	0.5054049515	0.6877317121	0.006785079464	0.006785079464	5.661048867e-16	0.001556667729	0.001562583811
48.0	0.4872278931	0.5127721069	1.0	0.5046441907	0.6884949332	0.005856765851	0.005856765851	4.592501802999999e-16	0.00166362812	0.001669372147
50.0	0.4944219455	0.5055780545	1.0	0.504302271	0.6888378355	0.005726879404	0.005726879404	3.074068357e-16	0.001705692968	0.001711382934
52.0	0.4999408559	0.5000591441	1.0	0.5041323904	0.6890082499	0.006437909468	0.006437909468	3.7192011029999997e-16	0.001653458927	0.001658682438
54.0	0.5035355111	0.4964644889	1.0	0.5039340306	0.6892072899	0.007536761593	0.007536761593	2.4547954709999997e-16	0.001503410059	0.001507669595
56.0	0.5051258197	0.4948741803	1.0	0.5036038311	0.6895385225	0.008535950686	0.008535950686	4.1375569219999997e-16	0.001266250749	0.001269350274
58.0	0.5049682584	0.4950317416	1.0	0.503135839	0.6900077394	0.009237376764	0.009237376764	4.2679055089999995e-16	0.001022572944	0.001024732352
60.0	0.5035112959	0.4964887041	1.0	0.5026199318	0.6905246976	0.009523134685	0.009523134685	4.796711693e-16	0.000924974785	0.0009266923739
62.0	0.5010463829	0.4989536171	1.0	0.5021686214	0.6909767067	0.00937995087	0.00937995087	3.1834998589999996e-16	0.0009669310592	0.0009684715873
64.0	0.4979330876	0.5020669124	1.0	0.501866303	0.6912794099	0.009065650141	0.009065650141	4.0029660419999997e-16	0.001005622922	0.001007018964
66.0	0.4944762836	0.5055237164	1.0	0.5017329308	0.6914129211	0.008715835369	0.008715835369	4.456285185e-16	0.001040574944	0.001041919465
68.0	0.4907676472	0.5092323528	1.0	0.5017205574	0.691425236	0.008238145267	0.008238145267	4.637018209e-16	0.001150757305	0.001152323345
70.0	0.486887904	0.513112096	1.0	0.5017762544	0.6913693834	0.007716887151	0.007716887151	3.774032578e-16	0.001274259244	0.001276216605
72.0	0.4829279941	0.5170720059	1.0	0.5018732671	0.691272237	0.007349378899	0.007349378899	3.268408087e-16	0.001293818314	0.001296010409
74.0	0.4790991684	0.5209008316	1.0	0.5019975384	0.6911478694	0.007261038613	0.007261038613	3.3306690739999997e-16	0.001208238163	0.001210416319
76.0	0.4757651949	0.5242348051	1.0	0.5021241337	0.6910211867	0.007243209675	0.007243209675	3.2262333129999997e-16	0.001082466	0.001084434539
78.0	0.472995885	0.527004115	1.0	0.5022548153	0.6908903807	0.007140841159	0.007140841159	4.1869132229999996e-16	0.0009747677235	0.0009764538228
80.0	0.4704917584	0.5295082416	1.0	0.5024404948	0.6907044411	0.007122663089	0.007122663089	6.170372360999999e-16	0.0009199799598	0.0009215177305
82.0	0.4677958247	0.5322041753	1.0	0.5027376638	0.6904067495	0.007582893333	0.007582893333	4.456285185e-16	0.0009341451052	0.0009357970144
84.0	0.4646180125	0.5353819875	1.0	0.5031639293	0.6899795594	0.00873184477	0.00873184477	5.932743015999999e-16	0.001070728742	0.001072939197
86.0	0.4609791183	0.5390208817	1.0	0.5036955687	0.6894465123	0.01006753621	0.01006753621	5.685189909999999e-16	0.001327960307	0.001331194781
88.0	0.4572380863	0.5427619137	1.0	0.5042706922	0.688869568	0.01110321756	0.01110321756	3.8636895569999996e-16	0.001644905346	0.001649429051
90.0	0.4540085093	0.5459914907	1.0	0.5047928618	0.6883454985	0.01168990697	0.01168990697	6.377745717e-16	0.001933233979	0.001938996105
92.0	0.4519732839	0.5480267161	1.0	0.5051344091	0.6880025697	0.01188776698	0.01188776698	7.638248344999999e-16	0.002130798102	0.002137499672
94.0	0.4517712563	0.5482287437	1.0	0.5051467594	0.6879900738	0.01184591224	0.01184591224	5.538765575e-16	0.00220883198	0.002215912351
96.0	0.453663925	0.546336075	1.0	0.5047632181	0.6883749804	0.01163390765	0.01163390765	4.0708177569999994e-16	0.002140792523	0.002147356567
98.0	0.4574259454	0.5425740546	1.0	0.5040641824	0.689076343	0.01124868374	0.01124868374	5.087681049e-16	0.001932491248	0.001937711104
100.0	0.4625022888	0.5374977112	1.0	0.5032247504	0.6899181469	0.0107538127	0.0107538127	6.069670495e-16	0.0016346245	0.001638255809
102.0	0.4679900092	0.5320099908	1.0	0.5024473903	0.6906972641	0.01020987352	0.01020987352	5.600240993e-16	0.001319658436	0.001322037616
104.0	0.473062985	0.526937015	1.0	0.5018573208	0.6912883705	0.009671074201	0.009671074201	3.6448095659999997e-16	0.001058284849	0.0010598799
106.0	0.4774606918	0.5225393082	1.0	0.5014554709	0.6916907721	0.009181358435	0.009181358435	2.9836347279999995e-16	0.0008749357874	0.0008760227322
108.0	0.481221177	0.518778823	1.0	0.5011884295	0.6919581047	0.008633785675	0.008633785675	5.685189909999999e-16	0.000762677013	0.0007634397229
110.0	0.4843749291	0.5156250709	1.0	0.5010072183	0.6921394606	0.008035764151	0.008035764151	5.220541028999999e-16	0.0007365802673	0.0007372675773
112.0	0.4868184728	0.5131815272	1.0	0.5008957804	0.6922509422	0.007925084569	0.007925084569	2.590520391e-16	0.0007952599515	0.0007960664388
114.0	0.488257126	0.511742874	1.0	0.5008697407	0.692276958	0.008740703282	0.008740703282	2.8903730059999996e-16	0.000873366808	0.0008743235827
116.0	0.4884373464	0.5115626536	1.0	0.5009286189	0.6922180217	0.01006358033	0.01006358033	3.4716050479999996e-16	0.0009155333716	0.0009165806445
118.0	0.4873260408	0.5126739592	1.0	0.5010539971	0.6920925416	0.0112303011	0.0112303011	3.8636895569999996e-16	0.000949184816	0.0009503001441
120.0	0.4850349667	0.5149650333	1.0	0.5012401457	0.6919061957	0.01183892356	0.01183892356	4.0029660419999997e-16	0.001040344945	0.00104168644
122.0	0.4819064358	0.5180935642	1.0	0.5014739811	0.6916720501	0.01178107918	0.01178107918	4.3157713659999996e-16	0.001186406959	0.001188274387
124.0	0.4786463894	0.5213536106	1.0	0.501702734	0.6914429432	0.01117501658	0.01117501658	4.440892099e-16	0.001332159126	0.001334750663
126.0	0.4759727511	0.5240272489	1.0	0.5018687368	0.6912766652	0.01028938416	0.01028938416	2.340555646e-16	0.001424284684	0.001427408596
128.0	0.4743252124	0.5256747876	1.0	0.5019410939	0.6912042094	0.009478258328	0.009478258328	4.2679055089999995e-16	0.001431996742	0.001435142153
130.0	0.4738867438	0.5261132562	1.0	0.5019091237	0.6912362915	0.008971555177	0.008971555177	4.81096644e-16	0.001348024534	0.001350716007
132.0	0.474358447	0.525641553	1.0	0.5018054605	0.6913402024	0.008703419784	0.008703419784	4.607388396e-16	0.001193401059	0.001195411925
134.0	0.4752066189	0.5247933811	1.0	0.5016847605	0.6914611396	0.00870406095	0.00870406095	5.047141111e-16	0.001051295952	0.001052717438
136.0	0.4760764869	0.5239235131	1.0	0.5015897229	0.6915563039	0.009134202061	0.009134202061	4.020036338e-16	0.001014938157	0.001016129917
138.0	0.4765717476	0.5234282524	1.0	0.5015584141	0.6915876017	0.00997123635	0.00997123635	4.951257240999999e-16	0.001084305473	0.001085654123
140.0	0.4762708664	0.5237291336	1.0	0.5016241172	0.6915217426	0.01104477697	0.01104477697	2.8665835229999996e-16	0.001208689407	0.00121044958
142.0	0.4750311216	0.5249688784	1.0	0.5018033398	0.6913421922	0.01213473981	0.01213473981	4.0029660419999997e-16	0.001366026766	0.001368397005
144.0	0.4728848508	0.5271151492	1.0	0.5020971352	0.6910478254	0.01310823844	0.01310823844	5.874748046e-16	0.00157755213	0.001580779019
146.0	0.4700758122	0.5299241878	1.0	0.5024885444	0.6906555319	0.01388712126	0.01388712126	6.873825812999999e-16	0.001851021095	0.00185541515
148.0	0.4671235082	0.5328764918	1.0	0.5029074489	0.6902355532	0.01426920167	0.01426920167	3.7375676399999995e-16	0.002115230158	0.002120972309
150.0	0.4645383793	0.5354616207	1.0	0.5032651724	0.6898769008	0.01407479749	0.01407479749	3.7192011029999997e-16	0.002257667105	0.002264479709
152.0	0.4626727193	0.5373272807	1.0	0.5034975582	0.6896440698	0.01328117067	0.01328117067	6.923456967999999e-16	0.002197173146	0.002204134509
154.0	0.4618052529	0.5381947471	1.0	0.5035626514	0.6895791296	0.01213197842	0.01213197842	7.147322702999999e-16	0.001953595476	0.001959554335
156.0	0.4621918351	0.5378081649	1.0	0.5034136772	0.6897288043	0.01080947886	0.01080947886	3.2262333129999997e-16	0.001629695796	0.001634021701
158.0	0.4639679367	0.5360320633	1.0	0.5030366746	0.6901069036	0.00932583242	0.00932583242	7.270807179999999e-16	0.001312894307	0.001315745228
160.0	0.4671313343	0.5328686657	1.0	0.5024913464	0.6906534373	0.00788650624	0.00788650624	5.337288057e-16	0.001035640971	0.001037472924
162.0	0.4714665648	0.5285334352	1.0	0.5018919563	0.6912538206	0.007142821198	0.007142821198	4.825179075e-16	0.0008321722949	0.0008333353408
164.0	0.4764286402	0.5235713598	1.0	0.501357657	0.6917887585	0.007343392014	0.007343392014	7.1185220909999995e-16	0.0007056057682	0.0007063346535
166.0	0.481279316	0.518720684	1.0	0.5009653857	0.6921813677	0.007995043075	0.007995043075	5.464082171999999e-16	0.0006218833932	0.0006223647128
168.0	0.4851469666	0.5148530334	1.0	0.5007450364	0.6924018587	0.008641826286	0.008641826286	4.3943893289999995e-16	0.0005776085001	0.000578002669
170.0	0.4872436414	0.5127563586	1.0	0.5006773729	0.6924695568	0.008996943047	0.008996943047	5.886392750999999e-16	0.0005705736324	0.0005709561763
172.0	0.4871596909	0.5128403091	1.0	0.5007281505	0.6924187454	0.009109468369	0.009109468369	4.299875285e-16	0.0005988573566	0.0005992736242
174.0	0.4848143667	0.5151856333	1.0	0.5008965354	0.6922502402	0.009240350708	0.009240350708	3.074068357e-16	0.000674587086	0.0006750921647
176.0	0.4805460661	0.5194539339	1.0	0.5012106134	0.6919358855	0.009373185309	0.009373185309	5.101122765999999e-16	0.0008003081524	0.0008009916246
178.0	0.4752480701	0.5247519299	1.0	0.5016786142	0.6914673614	0.009390620105	0.009390620105	3.6448095659999997e-16	0.0009371044864	0.0009381120942
180.0	0.4699343225	0.5300656775	1.0	0.5022506067	0.6908945619	0.009258458981	0.009258458981	6.923456967999999e-16	0.001030969709	0.001032410268
182.0	0.4653939308	0.5346060692	1.0	0.50282298	0.6903211931	0.00893810178	0.00893810178	4.3787786599999994e-16	0.00106891438	0.001070744374
184.0	0.4621669749	0.5378330251	1.0	0.5032878607	0.689855313	0.008722577002	0.008722577002	6.035729853e-16	0.001141824895	0.001144116612
186.0	0.4604944578	0.5395055422	1.0	0.5035704471	0.6895719198	0.008982950557	0.008982950557	4.0539612959999994e-16	0.001350660768	0.001353959746
188.0	0.4603031005	0.5396968995	1.0	0.5036496099	0.6894922654	0.009818387306	0.009818387306	5.019932605e-16	0.00167713863	0.001682078069
190.0	0.4613656986	0.5386343014	1.0	0.5035416671	0.6896000907	0.01096590973	0.01096590973	6.103422398e-16	0.002013696108	0.002020386028
192.0	0.4633965331	0.5366034669	1.0	0.5032855136	0.689856538	0.01204615818	0.01204615818	4.796711693e-16	0.0022396183	0.002247352109
194.0	0.4661244562	0.5338755438	1.0	0.502933942	0.6902087584	0.01289812309	0.01289812309	4.695716978e-16	0.002300471018	0.002308075123
196.0	0.4694421625	0.5305578375	1.0	0.502526294	0.6906172859	0.0134877145	0.0134877145	6.291263805999999e-16	0.002202724112	0.002209208184
198.0	0.4731643678	0.5268356322	1.0	0.5021101313	0.6910343761	0.0137796174	0.0137796174	4.2032365329999994e-16	0.001981055499	0.001985977096
200.0	0.4770114413	0.5229885587	1.0	0.5017268353	0.6914184973	0.01369077986	0.01369077986	5.438959821999999e-16	0.001680470244	0.001683895613
