# (1)t	(2)P_1	(3)P_2	(4)trace	(5)purity	(6)vonNeumann_entropy	(7)P_1 std	(8)P_2 std	(9)trace std	(10)purity std	(11)vonNeumann_entropy std
0.0	1.0	0.0	1.0	1.0	NaN	0.0	0.0	0.0	0.0	NaN
2.0	0.9815502009	0.01844979909	1.0	0.9992360252	0.003389085515	5.040786191e-6	5.040786191e-6	7.438402205999999e-16	3.011138704e-5	0.0001185641051
4.0	0.928928455	0.07107154504	1.0	0.9897533745	0.03226717362	6.390724506e-5	6.390724506e-5	6.763355388e-16	0.0003617921951	0.0009618923368
6.0	0.8495530652	0.1504469348	1.0	0.9581710317	0.103320647	0.0003062599678	0.0003062599678	6.588986325e-16	0.001283762222	0.002563776645
8.0	0.7536227501	0.2463772499	1.0	0.8987823968	0.2085879488	0.0008539086261	0.0008539086261	4.087604706e-16	0.0026776852	0.004310242807
10.0	0.6519606351	0.3480393649	1.0	0.8195429444	0.3256921172	0.001727334077	0.001727334077	5.792579691e-16	0.004303646942	0.005911496976
12.0	0.5542965355	0.4457034645	1.0	0.7372398594	0.4322568659	0.002798483866	0.002798483866	2.8903730059999996e-16	0.006015490954	0.007389503815
14.0	0.4682722059	0.5317277941	1.0	0.6675603122	0.5146614931	0.003839665075	0.003839665075	4.1209734609999994e-16	0.007253333982	0.008276869327
16.0	0.3989536909	0.6010463091	1.0	0.6189347638	0.5689592838	0.004657462126	0.004657462126	7.438402205999999e-16	0.007301815831	0.007971772401
18.0	0.3488938386	0.6511061614	1.0	0.5915761873	0.5985340079	0.005195474625	0.005195474625	6.883780670999999e-16	0.006082334457	0.006491292842
20.0	0.3184854182	0.6815145818	1.0	0.5801374582	0.6107105995	0.005686742835	0.005686742835	5.167806939e-16	0.00468766783	0.004962474324
22.0	0.3063380233	0.6936619767	1.0	0.5777144134	0.6132747885	0.006262814358	0.006262814358	6.793661837e-16	0.004696002995	0.004963599832
24.0	0.3100027399	0.6899972601	1.0	0.5781208693	0.6128424657	0.0066888365	0.0066888365	8.216983874999999e-16	0.005382894292	0.005686418407
26.0	0.3265512209	0.6734487791	1.0	0.5767764084	0.6142639641	0.006707421763	0.006707421763	3.845925373e-16	0.005305084612	0.005595760315
28.0	0.3526558077	0.6473441923	1.0	0.5713139151	0.620025502	0.006515309691	0.006515309691	8.835403805999999e-16	0.004631766133	0.004865785874
30.0	0.3848699437	0.6151300563	1.0	0.5615948358	0.6302149949	0.00659066514	0.00659066514	6.671610071e-16	0.004114182545	0.004294810059
32.0	0.4200534667	0.5799465333	1.0	0.5491380465	0.6431655724	0.007100771331	0.007100771331	5.451535468e-16	0.003946023269	0.004087254702
34.0	0.4553349284	0.5446650716	1.0	0.5362371797	0.6564544292	0.007602367766	0.007602367766	3.5496283859999996e-16	0.0037596046	0.003859846334
36.0	0.4882374915	0.5117625085	1.0	0.5250131456	0.6679177216	0.007607727245	0.007607727245	4.2032365329999994e-16	0.003296045996	0.003355275759
38.0	0.5168905207	0.4831094793	1.0	0.516843783	0.6762054341	0.007018962625	0.007018962625	4.637018209e-16	0.00258883158	0.002618342205
40.0	0.5399407349	0.4600592651	1.0	0.5120949302	0.6810018769	0.00616762748	0.00616762748	3.774032578e-16	0.00191575608	0.001930833271
42.0	0.5566380369	0.4433619631	1.0	0.5102052885	0.6829060482	0.005700498934	0.005700498934	4.3943893289999995e-16	0.001653592099	0.001665413639
44.0	0.5668227278	0.4331772722	1.0	0.5100540562	0.6830582263	0.005992319853	0.005992319853	4.2032365329999994e-16	0.001737906566	0.001750449931
46.0	0.5708295109	0.4291704891	1.0	0.5104843026	0.6826248374	0.006781589372	0.006781589372	5.246709318e-16	0.00188091714	0.001894856221
48.0	0.5693605423	0.4306394577	1.0	0.5106858894	0.682421625	0.007589080561	0.007589080561	5.827936559e-16	0.00203449899	0.002049091858
50.0	0.5634136572	0.4365863428	1.0	0.5102935597	0.6828166559	0.008114308571	0.008114308571	6.473657048999999e-16	0.002097197583	0.002111066953
52.0	0.554192019	0.445807981	1.0	0.5093030838	0.6838138124	0.008238100597	0.008238100597	3.4716050479999996e-16	0.001993167669	0.002005220934
54.0	0.5430346914	0.4569653086	1.0	0.5079237532	0.6852014167	0.00794662148	0.00794662148	4.753690987999999e-16	0.001760943658	0.001770335583
56.0	0.5311782676	0.4688217324	1.0	0.5064067358	0.6867260786	0.007430563013	0.007430563013	4.3473891609999996e-16	0.001418906476	0.00142509973
58.0	0.5195830516	0.4804169484	1.0	0.5049528667	0.6881858033	0.007200636815	0.007200636815	4.937407544e-16	0.0009957155913	0.0009990551587
60.0	0.5089629986	0.4910370014	1.0	0.503672488	0.6894700814	0.00756502725	0.00756502725	3.051711199e-16	0.000581096452	0.000582552212
62.0	0.4998356002	0.5001643998	1.0	0.5026220293	0.6905228001	0.00828840534	0.00828840534	2.8903730059999996e-16	0.0004251157281	0.0004258874337
64.0	0.492433651	0.507566349	1.0	0.5018540379	0.6912918943	0.008877271235	0.008877271235	3.2262333129999997e-16	0.0005784139962	0.0005792111825
66.0	0.4868505409	0.5131494591	1.0	0.5013906503	0.6917557254	0.00902380996	0.00902380996	4.1705260239999997e-16	0.0007280185508	0.0007287850201
68.0	0.4830788497	0.5169211503	1.0	0.5011807209	0.6919658062	0.008855122306	0.008855122306	2.9139682789999995e-16	0.0007908302028	0.0007916138774
70.0	0.4808011013	0.5191988987	1.0	0.5011435704	0.6920029806	0.008634920382	0.008634920382	3.2262333129999997e-16	0.0008009437037	0.0008018836947
72.0	0.4797909084	0.5202090916	1.0	0.5011812386	0.6919652988	0.008422773275	0.008422773275	2.369631986e-16	0.000768035253	0.00076898133
74.0	0.4800462705	0.5199537295	1.0	0.5012105888	0.6919359456	0.008362717013	0.008362717013	5.538765575e-16	0.0007226666483	0.0007233947113
76.0	0.4814910632	0.5185089368	1.0	0.5011910568	0.691955495	0.008537048398	0.008537048398	2.8903730059999996e-16	0.0007187099216	0.0007192761332
78.0	0.4839662691	0.5160337309	1.0	0.5011109335	0.6920356634	0.008763637315	0.008763637315	3.16191656e-16	0.0007557640114	0.0007563677612
80.0	0.4872097936	0.5127902064	1.0	0.5009901523	0.6921565218	0.008918614724	0.008918614724	3.051711199e-16	0.0007720745244	0.0007727373895
82.0	0.490910285	0.509089715	1.0	0.5008642989	0.6922824766	0.009054819375	0.009054819375	3.7007434149999995e-16	0.0007198731725	0.0007204531972
84.0	0.4948245518	0.5051754482	1.0	0.5007577808	0.6923890907	0.009256290697	0.009256290697	2.1259152389999997e-16	0.0006252148185	0.0006256136306
86.0	0.4986949979	0.5013050021	1.0	0.5006867308	0.6924602015	0.009523843906	0.009523843906	4.087604706e-16	0.0005503092874	0.000550571139
88.0	0.5022158546	0.4977841454	1.0	0.5006551426	0.692491818	0.009784103493	0.009784103493	3.4518236609999996e-16	0.0005055664869	0.0005057851409
90.0	0.5051786981	0.4948213019	1.0	0.5006534392	0.6924935318	0.009908298192	0.009908298192	4.0029660419999997e-16	0.0004727092788	0.000472928469
92.0	0.5075514558	0.4924485442	1.0	0.5006658839	0.6924810878	0.009650548107	0.009650548107	2.937374023e-16	0.0004505677355	0.0004507900831
94.0	0.5093092035	0.4906907965	1.0	0.5006781962	0.6924687722	0.008775259608	0.008775259608	3.6070384989999997e-16	0.0004421686634	0.0004423999837
96.0	0.5103600455	0.4896399545	1.0	0.5006837021	0.6924632655	0.007495153506	0.007495153506	5.246709318e-16	0.0004357056243	0.000435950804
98.0	0.5106679845	0.4893320155	1.0	0.5006795944	0.6924673766	0.00655060271	0.00655060271	5.401057200999999e-16	0.0004299910002	0.0004302446665
100.0	0.5102120015	0.4897879985	1.0	0.5006559816	0.6924909962	0.006809716199	0.006809716199	3.0291890369999997e-16	0.0004441501189	0.0004444007708
102.0	0.5090285411	0.4909714589	1.0	0.5005987698	0.6925482281	0.007968812431	0.007968812431	3.7921335579999996e-16	0.0004580597283	0.0004582992984
104.0	0.5072877725	0.4927122275	1.0	0.5005034796	0.6926435608	0.008921544462	0.008921544462	4.825179075e-16	0.0004303654923	0.0004305699866
106.0	0.5052075564	0.4947924436	1.0	0.5003927668	0.6927543247	0.009083576899	0.009083576899	3.845925373e-16	0.000353892038	0.000354030781
108.0	0.5029664955	0.4970335045	1.0	0.5003113105	0.6928358182	0.008540342167	0.008540342167	5.141237061999999e-16	0.0002551432575	0.0002552149848
110.0	0.5007984426	0.4992015574	1.0	0.5002936254	0.6928535142	0.007731922516	0.007731922516	3.0064981629999997e-16	0.0002014367652	0.0002014775449
112.0	0.4989349325	0.5010650675	1.0	0.5003348795	0.692812247	0.007012978313	0.007012978313	4.517333032e-16	0.0002358198858	0.0002358781964
114.0	0.4976050174	0.5023949826	1.0	0.5004032903	0.6927438115	0.006621577283	0.006621577283	3.4319282579999996e-16	0.0002858029832	0.0002858860305
116.0	0.4970242336	0.5029757664	1.0	0.5004565289	0.6926905533	0.006633036156	0.006633036156	6.291263805999999e-16	0.0003101830456	0.0003102813791
118.0	0.4971621906	0.5028378094	1.0	0.5004690972	0.6926779838	0.007073011967	0.007073011967	3.7192011029999997e-16	0.0002953596734	0.0002954587982
120.0	0.4978313641	0.5021686359	1.0	0.5004430096	0.6927040898	0.007645895846	0.007645895846	5.259744641e-16	0.0002284424533	0.0002285159084
122.0	0.4987855886	0.5012144114	1.0	0.5003922067	0.6927549168	0.007973681732	0.007973681732	4.637018209e-16	0.0001381786634	0.0001382171571
124.0	0.4997205585	0.5002794415	1.0	0.5003369041	0.6928102357	0.007995260508	0.007995260508	4.867567991999999e-16	9.814863501e-5	9.816935401e-5
126.0	0.5004975981	0.4995024019	1.0	0.5002957857	0.6928513598	0.007730017097	0.007730017097	3.8636895569999996e-16	0.0001401439136	0.000140171616
128.0	0.5011587906	0.4988412094	1.0	0.5002824782	0.6928646647	0.007387171796	0.007387171796	5.501550602999999e-16	0.0001921650517	0.000192207807
130.0	0.5017054069	0.4982945931	1.0	0.5003024002	0.6928447325	0.007218686234	0.007218686234	3.2262333129999997e-16	0.0002404064221	0.0002404695414
132.0	0.5020925674	0.4979074326	1.0	0.5003545706	0.6927925414	0.007468834789	0.007468834789	3.2473891679999996e-16	0.0002973759262	0.0002974628037
134.0	0.5022068344	0.4977931656	1.0	0.5004301991	0.6927168831	0.008298463122	0.008298463122	4.3943893289999995e-16	0.0003489509752	0.0003490636589
136.0	0.5018606768	0.4981393232	1.0	0.5005095371	0.6926375131	0.009495706676	0.009495706676	4.3787786599999994e-16	0.000381862785	0.0003820202062
138.0	0.5010677874	0.4989322126	1.0	0.5005794095	0.6925676037	0.01084818318	0.01084818318	3.916498697e-16	0.0004294553201	0.0004296913457
140.0	0.5000428295	0.4999571705	1.0	0.5006311773	0.6925157894	0.01207332464	0.01207332464	4.3157713659999996e-16	0.0005189734793	0.0005193160314
142.0	0.4989988367	0.5010011633	1.0	0.5006432167	0.6925037199	0.01279529609	0.01279529609	2.794000007e-16	0.0005938910837	0.0005943119381
144.0	0.4982155284	0.5017844716	1.0	0.5005984827	0.6925484782	0.01274059216	0.01274059216	2.590520391e-16	0.0005773632643	0.0005777514783
146.0	0.4978216014	0.5021783986	1.0	0.5005144764	0.6926325469	0.01198967147	0.01198967147	3.4119168439999996e-16	0.0004791283673	0.0004793991802
148.0	0.4977523365	0.5022476635	1.0	0.5004361764	0.6927109017	0.01092774776	0.01092774776	4.486912935e-16	0.000360507574	0.0003606576631
150.0	0.4979363735	0.5020636265	1.0	0.5004069541	0.6927401427	0.01019153552	0.01019153552	3.4119168439999996e-16	0.0003079136448	0.0003080162942
152.0	0.4982829669	0.5017170331	1.0	0.500441866	0.6927052097	0.01042595419	0.01042595419	4.0539612959999994e-16	0.0003638741223	0.0003640158979
154.0	0.4986407417	0.5013592583	1.0	0.5005164005	0.6926306298	0.01149634624	0.01149634624	4.978841060999999e-16	0.0004519654154	0.0004521771726
156.0	0.4989145665	0.5010854335	1.0	0.5005825371	0.6925644517	0.01272070039	0.01272070039	6.192528168e-16	0.0005114129444	0.0005117032414
158.0	0.4990909515	0.5009090485	1.0	0.5006076202	0.6925393522	0.01355399468	0.01355399468	5.551115123e-16	0.0005318253171	0.0005321742501
160.0	0.4991184783	0.5008815217	1.0	0.5005908788	0.692556101	0.0136977627	0.0136977627	4.923518887e-16	0.0005295566218	0.0005299329515
162.0	0.4989753443	0.5010246557	1.0	0.500548952	0.6925980514	0.01311212852	0.01311212852	4.695716978e-16	0.0005047836041	0.0005051347829
164.0	0.4986892599	0.5013107401	1.0	0.5005041823	0.6926428482	0.01206922562	0.01206922562	3.8636895569999996e-16	0.0004660920653	0.0004663712928
166.0	0.4982514551	0.5017485449	1.0	0.5004791209	0.6926679274	0.01108122459	0.01108122459	4.486912935e-16	0.000430832224	0.0004310380055
168.0	0.4976230033	0.5023769967	1.0	0.500483095	0.6926639681	0.01051451923	0.01051451923	5.350102691999999e-16	0.0003636484762	0.0003637978163
170.0	0.496845087	0.503154913	1.0	0.5005145426	0.6926325289	0.01034546878	0.01034546878	4.965068305999999e-16	0.0002629234783	0.0002630158515
172.0	0.4961133668	0.5038866332	1.0	0.5005646402	0.6925824119	0.01034396861	0.01034396861	3.4716050479999996e-16	0.0002714160413	0.0002715313584
174.0	0.4956478027	0.5043521973	1.0	0.5006261379	0.6925208544	0.01052509298	0.01052509298	5.898014465999999e-16	0.0004374046489	0.0004377024812
176.0	0.4955545135	0.5044454865	1.0	0.5006965587	0.692450354	0.01086554854	0.01086554854	5.944274112e-16	0.0005937933243	0.0005942814972
178.0	0.4958902522	0.5041097478	1.0	0.5007706146	0.6923762391	0.01114285354	0.01114285354	4.4099447379999995e-16	0.0006541904432	0.0006547474079
180.0	0.4966485746	0.5033514254	1.0	0.5008431435	0.6923036769	0.01134209749	0.01134209749	6.409875620999999e-16	0.0006397756271	0.0006402850306
182.0	0.4976622431	0.5023377569	1.0	0.5009027492	0.6922440514	0.01146629147	0.01146629147	4.3943893289999995e-16	0.0005995357319	0.0005999759784
184.0	0.4987303765	0.5012696235	1.0	0.5009244943	0.6922223096	0.01140872031	0.01140872031	3.916498697e-16	0.0005516826982	0.0005520854587
186.0	0.4996480095	0.5003519905	1.0	0.5008818226	0.692265026	0.01103415808	0.01103415808	5.006272899e-16	0.000491124838	0.000491470139
188.0	0.5002361754	0.4997638246	1.0	0.500761265	0.6923856756	0.01029060563	0.01029060563	5.127900496999999e-16	0.0003940385971	0.0003942654815
190.0	0.5004398136	0.4995601864	1.0	0.500586995	0.6925600508	0.009336985564	0.009336985564	6.463070521999999e-16	0.0002567012818	0.000256801167
192.0	0.5003654154	0.4996345846	1.0	0.500420317	0.6927267974	0.008432099444	0.008432099444	4.1705260239999997e-16	0.0001550689711	0.0001551094535
194.0	0.5001970265	0.4998029735	1.0	0.5003175198	0.6928296191	0.007686176336	0.007686176336	4.456285185e-16	0.0001631187396	0.0001631498065
196.0	0.5001783933	0.4998216067	1.0	0.5003090235	0.692838117	0.007179621968	0.007179621968	3.7192011029999997e-16	0.0001647400583	0.0001647772045
198.0	0.5004463213	0.4995536787	1.0	0.5003961533	0.6927509594	0.007119793284	0.007119793284	4.1375569219999997e-16	0.0002275762299	0.0002276380532
200.0	0.5009437671	0.4990562329	1.0	0.5005541177	0.6925929142	0.007614244998	0.007614244998	4.825179075e-16	0.0003926623587	0.0003928131051
