# (1)t	(2)P_1	(3)P_2	(4)trace	(5)purity	(6)vonNeumann_entropy	(7)P_1 std	(8)P_2 std	(9)trace std	(10)purity std	(11)vonNeumann_entropy std
0.0	0.0	0.0	0.0	0.0	NaN	0.0	0.0	0.0	0.0	NaN
2.0	0.0	0.0	0.0	0.0	0.0	0.0	0.0	0.0	0.0	0.0
4.0	1.556153419e-21	-1.86014302e-21	-3.0398960090000003e-22	1.327308795e-19	2.47388175e-19	4.09630847e-21	4.513500013e-21	3.435066495e-21	5.005621176e-19	1.50453023e-18
6.0	-9.03994805e-23	5.865474578e-21	5.7750750979999995e-21	5.220325347e-19	-6.894471435e-19	2.9263368030000005e-20	1.3064924130000002e-20	3.093196241e-20	2.439328291e-18	4.934186911e-18
8.0	-3.5210894e-20	-1.1058223779999999e-21	-3.6316716380000005e-20	1.334165553e-18	-2.190392455e-18	6.539541143e-20	7.211858355e-20	6.347469595e-20	5.916691984e-18	7.19863101e-18
10.0	-5.987853641e-20	-3.941967416e-21	-6.382050383e-20	-2.509792343e-18	4.39603026e-18	1.7956642630000002e-19	5.694874201e-20	1.5252213590000001e-19	8.53878994e-18	8.065254856999999e-18
12.0	-1.300846539e-19	3.0433747450000004e-20	-9.965090648000001e-20	-1.853243429e-18	2.928707556e-18	3.146733353e-19	1.0089122600000001e-19	2.959854712e-19	8.84502873e-18	1.126074745e-17
14.0	-2.352665923e-19	9.720337879000001e-20	-1.380632135e-19	-2.2013118539999998e-18	2.116631256e-18	4.930880454e-19	2.704994984e-19	5.572261779e-19	3.516288618e-18	1.1290024879999999e-17
16.0	-3.071879574e-19	2.518117439e-19	-5.53762135e-20	5.352613926e-20	-1.834561883e-18	6.173474188e-19	4.462921609e-19	6.865395836000001e-19	8.566018963e-18	1.601166862e-17
18.0	-4.031075445e-19	2.83031434e-19	-1.200761105e-19	-7.851583951e-19	6.722734691e-19	7.738716612e-19	6.952159720000001e-19	8.307974195e-19	6.872898079e-18	1.471809125e-17
20.0	-4.832587013e-19	2.457665961e-19	-2.374921053e-19	8.922358766e-19	-5.35368264e-19	8.786209562000001e-19	8.986521263e-19	1.07958482e-18	3.148695766e-18	1.512434327e-17
22.0	-4.966930964e-19	2.182516222e-19	-2.784414742e-19	-1.364377501e-19	-4.845425327e-18	1.023733408e-18	1.0852993839999999e-18	1.395645475e-18	1.316904005e-18	1.482333485e-17
24.0	-4.611244306e-19	1.816550495e-19	-2.794693812e-19	-1.04672938e-18	-5.821095991e-18	1.220503132e-18	1.182129391e-18	1.793707877e-18	1.456677152e-18	4.051556823e-17
26.0	-4.7957483120000005e-19	1.527169247e-19	-3.268579065e-19	-1.6806503499999999e-18	1.718415687e-19	1.450525954e-18	1.140293673e-18	2.139482928e-18	2.587503519e-18	4.363473057e-18
28.0	-4.927995347e-19	6.478374972000001e-20	-4.28015785e-19	6.247958288e-19	-1.023704383e-18	1.654999694e-18	9.720305833e-19	2.324221001e-18	2.865074392e-18	4.394132136e-18
30.0	-4.901583505e-19	1.389926334e-20	-4.762590872e-19	-1.104688584e-18	5.999938027000001e-19	1.813859553e-18	8.087178833e-19	2.406955894e-18	2.807074651e-18	3.5825559069999996e-18
32.0	-4.77309981e-19	1.623575965e-20	-4.610742214e-19	-1.1986457699999999e-18	8.939879395e-19	1.826476332e-18	6.294277624e-19	2.300685578e-18	3.898783105e-18	3.286599746e-18
34.0	-3.917883789e-19	-5.553477301e-20	-4.473231519e-19	-1.114906343e-18	2.071271524e-18	1.651660917e-18	5.794334844e-19	2.048207459e-18	3.094775089e-18	2.838130013e-18
36.0	-1.730010555e-19	-1.095744142e-19	-2.8257546970000002e-19	-4.831624129e-19	5.497955614e-19	1.410265677e-18	6.857936258000001e-19	1.739492664e-18	2.883850421e-18	5.271151368e-18
38.0	1.259027019e-19	-1.64530887e-19	-3.862818514e-20	-1.056610887e-18	1.632964529e-19	1.327298598e-18	8.602730053000001e-19	1.470137566e-18	2.739686992e-18	4.014729128e-18
40.0	4.894960542000001e-19	-1.564386862e-19	3.33057368e-19	7.640053053000001e-20	-1.472006664e-19	1.516568078e-18	1.00932444e-18	1.311711478e-18	1.556106893e-18	3.295781977e-18
42.0	8.291077812000001e-19	-1.130832193e-19	7.160245619000001e-19	3.047837808e-19	4.333996634e-18	1.856430963e-18	1.1959843939999999e-18	1.5351743599999999e-18	2.148106936e-18	1.7407770699999998e-17
44.0	1.091565518e-18	-6.399498239e-20	1.027570536e-18	1.049718104e-18	-2.7747991769999998e-18	2.097376981e-18	1.2899654339999999e-18	1.745136305e-18	2.292961669e-18	1.3426341419999999e-17
46.0	1.230656205e-18	-1.5312633540000002e-20	1.215343572e-18	1.423370112e-18	-1.2547895399999999e-17	2.216882798e-18	1.358592364e-18	1.92983451e-18	2.421619216e-18	2.752949962e-17
48.0	1.1840937289999999e-18	2.4597577960000003e-20	1.208691307e-18	1.599156853e-18	-3.521661869e-19	2.226233162e-18	1.372043019e-18	1.957170744e-18	2.299372676e-18	1.179033907e-17
50.0	1.061820223e-18	-1.0146401740000001e-19	9.603562051e-19	7.103182648e-19	3.26423323e-18	2.10682406e-18	1.334253234e-18	1.796914522e-18	1.788986917e-18	5.525362083e-18
52.0	9.177524403e-19	-2.584459293e-19	6.59306511e-19	9.142395953e-19	-2.2321011000000002e-20	1.787738094e-18	1.305143328e-18	1.676884085e-18	2.085133859e-18	4.911503089e-18
54.0	7.717304173000001e-19	-5.030998057000001e-19	2.686306115e-19	2.5448734930000003e-19	-2.427585132e-18	1.383858913e-18	1.492194487e-18	1.879116091e-18	2.045488188e-18	7.495963983e-18
56.0	5.119908217e-19	-8.079290222e-19	-2.959382005e-19	-4.152099548e-19	-1.0214353170000001e-19	1.1399547e-18	1.755613321e-18	2.169274912e-18	2.4679139679999998e-18	1.160109069e-17
58.0	2.458592045e-19	-1.058657753e-18	-8.127985482000001e-19	-8.725838121000001e-19	7.719253111e-19	1.07752268e-18	1.915381341e-18	2.305815378e-18	1.904289617e-18	8.306506421e-18
60.0	6.080378055e-20	-1.201510715e-18	-1.140706935e-18	-7.579862455000001e-19	5.392870868e-18	1.232225038e-18	1.924930919e-18	2.2386488179999998e-18	2.552318053e-18	1.4818539939999998e-17
62.0	-1.3765665190000001e-19	-1.189212993e-18	-1.326869645e-18	-1.338407701e-18	-3.4708736340000003e-19	1.3809522169999999e-18	1.717255978e-18	1.806500769e-18	1.929808765e-18	5.3007316509999996e-18
64.0	-1.675656801e-19	-1.037778493e-18	-1.205344173e-18	-1.276633025e-18	-7.774923562000001e-19	1.481599365e-18	1.462464115e-18	1.32543454e-18	1.136137646e-18	6.88447319e-18
66.0	-1.2681124610000002e-19	-8.335828954e-19	-9.603941415e-19	-8.457408173000001e-19	-1.776010273e-18	1.592281572e-18	1.3553841499999999e-18	1.176735251e-18	1.488694081e-18	6.219460524e-18
68.0	-3.664682852e-20	-5.597705008000001e-19	-5.964173293e-19	-6.189048434e-19	-2.282800115e-18	1.657188708e-18	1.408257979e-18	1.423985802e-18	1.443499794e-18	5.029276449e-18
70.0	1.135427905e-19	-1.909352478e-19	-7.739245732e-20	-5.0153735690000005e-20	3.42467527e-18	1.731460198e-18	1.5367911679999999e-18	1.953600143e-18	1.991068972e-18	1.376794738e-17
72.0	2.239749589e-19	2.652817664e-19	4.892567252e-19	5.819041125e-19	-3.231389766e-18	1.714424603e-18	1.805712283e-18	2.400046847e-18	2.512361025e-18	8.999148829e-18
74.0	2.4890675290000003e-19	6.179943993e-19	8.669011522e-19	9.055554447e-19	9.38190232e-19	1.603473914e-18	1.999606021e-18	2.682456009e-18	2.732577336e-18	4.4450134969999996e-17
76.0	2.333380445e-19	8.285721206e-19	1.061910165e-18	1.013517103e-18	-1.357148722e-19	1.469927366e-18	2.103468525e-18	2.653836987e-18	2.721687129e-18	6.972233485e-18
78.0	1.472632297e-19	8.480211197e-19	9.952843494e-19	8.958162463000001e-19	6.149682486e-18	1.471418137e-18	2.066159149e-18	2.419553748e-18	2.575594193e-18	1.3527839449999999e-17
80.0	4.173884411e-20	6.517693282e-19	6.935081723e-19	4.307951275e-19	-4.626999325e-18	1.694876576e-18	1.947206773e-18	2.138791199e-18	2.2618134669999998e-18	1.5831912999999998e-17
82.0	6.019583479e-22	4.246663595e-19	4.252683179e-19	2.923260339e-19	3.362400967e-18	2.0822140389999998e-18	1.877932774e-18	2.207203611e-18	2.166527739e-18	7.724743714e-18
84.0	-1.209940428e-19	1.6241924300000002e-19	4.1425200240000006e-20	-2.382506043e-19	-8.634306725e-20	2.495594677e-18	1.737275882e-18	2.553040587e-18	2.595701376e-18	2.35613786e-17
86.0	-3.5719096300000003e-19	-8.151211949000001e-20	-4.387030825e-19	-6.590414888e-19	4.3244845760000003e-19	2.839593787e-18	1.579028287e-18	2.9433083339999998e-18	2.90807936e-18	5.597059091e-18
88.0	-5.7804044980000005e-19	-2.334356667e-19	-8.114761165e-19	-1.093488424e-18	3.749254033e-18	3.0130517059999998e-18	1.458831355e-18	3.226730633e-18	3.221025446e-18	1.145268639e-17
90.0	-7.932918245e-19	-3.148614718e-19	-1.108153296e-18	-1.512584831e-18	-7.813093464e-19	2.989466153e-18	1.39353814e-18	3.399639275e-18	3.718984121e-18	1.003523532e-17
92.0	-9.656383601e-19	-3.7403585380000003e-19	-1.339674214e-18	-1.44236801e-18	-2.984936431e-18	2.967517032e-18	1.583446908e-18	3.62690213e-18	3.569806544e-18	2.906001383e-17
94.0	-1.139929737e-18	-3.9440919170000003e-19	-1.534338929e-18	-1.693081679e-18	4.047653617e-18	3.164398266e-18	1.905772709e-18	3.9907036869999996e-18	3.984276687e-18	1.985039059e-17
96.0	-1.218640753e-18	-2.7829969820000002e-19	-1.496940451e-18	-1.590284886e-18	5.720322215e-18	3.620851309e-18	2.167094613e-18	4.435300128e-18	4.500453438e-18	1.509306566e-17
98.0	-1.226209603e-18	-7.872557183e-20	-1.3049351749999999e-18	-1.379511723e-18	9.249099031e-18	4.092343234e-18	2.131119562e-18	4.653772174e-18	4.857666255e-18	2.784567585e-17
100.0	-1.182778248e-18	1.3497455540000001e-19	-1.047803693e-18	-1.143323221e-18	1.073692459e-18	4.314014652e-18	1.902190075e-18	4.505477136e-18	4.634897745e-18	6.308813906e-18
102.0	-1.078831495e-18	3.6266608960000003e-19	-7.161654057e-19	-7.186717109e-19	4.661442578e-18	4.177515386e-18	1.63138262e-18	3.98665285e-18	4.031186279e-18	8.829652425e-18
104.0	-9.604615815000001e-19	5.602006221000001e-19	-4.002609594e-19	-5.7504794710000005e-19	4.186099221e-18	3.584620081e-18	1.584969565e-18	3.054214998e-18	3.103471182e-18	8.124052944e-18
106.0	-7.755703909e-19	5.950084502e-19	-1.805619407e-19	-2.20817028e-19	4.553700619e-18	2.749074663e-18	1.873774751e-18	2.159707871e-18	2.055783806e-18	1.5127288629999998e-17
108.0	-4.526981313e-19	4.975897930000001e-19	4.489166166e-20	-1.6832461000000002e-20	1.300370165e-18	1.977834876e-18	2.387230617e-18	2.308652729e-18	2.123933399e-18	1.261796559e-17
110.0	-1.8544911720000002e-20	3.1822865290000004e-19	2.9968374110000003e-19	2.0376580850000002e-19	-4.120885418e-18	1.436318466e-18	2.936964893e-18	3.187916471e-18	3.065565386e-18	3.279208189e-17
112.0	4.0053012650000003e-19	1.01892159e-19	5.024222855e-19	4.41732675e-19	3.148134784e-18	1.455295144e-18	3.305538474e-18	3.878008173e-18	3.888077297e-18	1.1801599049999999e-17
114.0	6.45442996e-19	-9.851844194000001e-20	5.469245541e-19	5.457692252e-19	-2.9417815839999998e-18	1.8925509889999998e-18	3.603542692e-18	4.383106718e-18	4.471704814e-18	1.463751144e-17
116.0	7.190291294e-19	-2.2990131620000003e-19	4.891278132e-19	5.39935354e-19	-3.0321618009999998e-18	2.407820427e-18	3.801659074e-18	4.522126383e-18	4.333793537e-18	1.0458764859999999e-17
118.0	6.54061823e-19	-2.250101463e-19	4.290516767e-19	4.854075819e-19	-3.347913039e-18	2.911520648e-18	3.958656617e-18	4.465492124e-18	4.413955126e-18	9.897623725e-18
120.0	5.482401103e-19	-1.2792625730000001e-19	4.2031385300000003e-19	3.52530423e-19	-1.956210861e-18	3.2977197639999998e-18	4.0332276649999996e-18	4.215659819e-18	4.314707546e-18	8.246477827e-18
122.0	4.419946925e-19	2.53749947e-20	4.673696872e-19	5.289108757000001e-19	-1.097781189e-17	3.508544399e-18	4.029011951e-18	3.799425061e-18	3.848809095e-18	2.223634303e-17
124.0	2.914043366e-19	9.178882802000001e-20	3.8319316460000003e-19	3.999111626e-19	-5.584749295e-18	3.560105865e-18	3.741450985e-18	3.19307929e-18	3.373348104e-18	1.479623909e-17
126.0	1.544796074e-19	1.721446049e-19	3.2662421230000003e-19	2.8175438740000003e-19	2.739791729e-18	3.504653837e-18	3.2125034119999998e-18	2.568774453e-18	2.6507501779999998e-18	1.0910272719999999e-17
128.0	-1.7370742250000003e-20	1.803562987e-19	1.6298555650000002e-19	2.2640105830000003e-19	3.316338122e-18	3.3588593009999998e-18	2.567930907e-18	2.12681864e-18	2.153170859e-18	1.051048797e-17
130.0	-3.071887093e-19	6.042815490000001e-20	-2.467605544e-19	-2.684420561e-19	2.768172668e-18	3.144129845e-18	2.035819274e-18	2.224104004e-18	2.156724564e-18	9.294392371e-18
132.0	-6.792663601e-19	-1.8151335190000001e-19	-8.607797121e-19	-8.356634847e-19	-3.027419409e-18	2.8374761869999998e-18	2.03363525e-18	2.504302391e-18	2.564851499e-18	9.235704321e-18
134.0	-1.1506753e-18	-3.919410821e-19	-1.542616383e-18	-1.691800068e-18	2.550262573e-19	2.531017958e-18	2.408976837e-18	2.771290485e-18	2.69862023e-18	1.8337964109999998e-17
136.0	-1.51529337e-18	-6.4503694680000005e-19	-2.160330317e-18	-2.149393535e-18	4.213082e-18	2.351516348e-18	2.819936914e-18	2.875161972e-18	2.85599242e-18	1.3052049409999999e-17
138.0	-1.780027495e-18	-8.871248317e-19	-2.667152326e-18	-2.660287325e-18	-6.7947508879999995e-18	2.342567783e-18	3.1408497969999998e-18	2.94815309e-18	2.697968213e-18	2.831297899e-17
140.0	-1.873942825e-18	-1.195448292e-18	-3.069391117e-18	-3.0201800459999998e-18	-9.187646827e-18	2.427306937e-18	3.403868512e-18	2.958436104e-18	2.970373346e-18	2.2249580049999997e-17
142.0	-1.813965658e-18	-1.46829998e-18	-3.282265638e-18	-3.233399114e-18	6.1685007709999996e-18	2.617712193e-18	3.546932603e-18	3.160679796e-18	3.046448515e-18	1.4500020389999998e-17
144.0	-1.676749646e-18	-1.651034418e-18	-3.327784064e-18	-3.252400953e-18	6.232099692e-18	2.972119105e-18	3.683508649e-18	3.6276062959999996e-18	3.499028417e-18	1.535777885e-17
146.0	-1.519989899e-18	-1.644337965e-18	-3.164327864e-18	-3.219681462e-18	-2.98789281e-18	3.286589952e-18	3.739532707e-18	4.211582616e-18	4.231392642e-18	1.194407508e-17
148.0	-1.367054543e-18	-1.349342796e-18	-2.716397339e-18	-2.6582508e-18	4.302661658e-18	3.468402042e-18	3.635983209e-18	4.671096594e-18	4.627690564e-18	8.751795911e-18
150.0	-1.124546142e-18	-8.758316108e-19	-2.000377753e-18	-1.96169433e-18	7.397978952e-18	3.598903593e-18	3.425231747e-18	4.960362362e-18	5.05449212e-18	1.4533962309999998e-17
152.0	-8.121780314000001e-19	-3.054140781e-19	-1.117592109e-18	-9.297013339e-19	-6.992689715e-18	3.6164136319999996e-18	3.089641344e-18	5.04708452e-18	5.121432247e-18	2.1940034199999998e-17
154.0	-2.786466634e-19	1.293109215e-19	-1.493357418e-19	6.723533205000001e-20	1.990949773e-18	3.580601223e-18	2.857962507e-18	5.051129162e-18	4.957191398e-18	1.059398859e-17
156.0	3.3573774020000003e-19	3.9734354900000003e-19	7.330812892e-19	7.369916471e-19	-1.472534529e-18	3.641509338e-18	2.848185646e-18	5.13015826e-18	5.374820599e-18	1.4141175019999998e-17
158.0	9.298381288000001e-19	5.997565087e-19	1.529594637e-18	1.53445797e-18	-3.292352171e-18	3.826565038e-18	2.882654123e-18	5.2539134e-18	5.157206104e-18	1.8597589539999998e-17
160.0	1.433301733e-18	7.571560495e-19	2.190457782e-18	2.242944739e-18	1.855923488e-18	4.021980236e-18	2.872572378e-18	5.163816853e-18	5.216879711e-18	1.139377504e-17
162.0	1.791849406e-18	8.403738405e-19	2.632223247e-18	2.6160151349999998e-18	-6.143236309e-18	4.160134215e-18	2.79776407e-18	4.859739585e-18	4.749708574e-18	2.473854451e-17
164.0	1.898512399e-18	8.212906632000001e-19	2.7198030619999998e-18	2.649239258e-18	-3.978071308e-18	4.145952837e-18	2.738682608e-18	4.339911104e-18	4.274035443e-18	8.212978761e-18
166.0	1.746809296e-18	7.157478942000001e-19	2.46255719e-18	2.367578507e-18	-8.264346931e-18	3.999173879e-18	2.620785358e-18	3.756045505e-18	3.782505077e-18	2.532638668e-17
168.0	1.424050296e-18	4.51818053e-19	1.875868349e-18	1.8239019019999998e-18	-2.114670481e-18	3.944091231e-18	2.54972959e-18	3.488297629e-18	3.436648217e-18	5.1184871209999996e-18
170.0	1.083152584e-18	1.7020016330000002e-19	1.253352747e-18	1.480649195e-18	-4.90158696e-18	3.897945433e-18	2.473923816e-18	3.53917605e-18	3.4649580929999998e-18	2.0466382089999998e-17
172.0	7.62117215e-19	-2.7733933550000005e-20	7.343832815e-19	6.740266736000001e-19	4.619995814e-22	3.810653625e-18	2.3065834e-18	3.855401455e-18	3.873055528e-18	1.2297991399999999e-17
174.0	3.515903685e-19	-1.368370596e-19	2.147533089e-19	1.11506772e-19	-3.054274387e-18	3.878719342e-18	2.113338299e-18	4.253026133e-18	4.167459157e-18	1.334445442e-17
176.0	-1.51562723e-19	-2.0650141490000002e-19	-3.5806413790000004e-19	-5.1706859240000005e-19	4.488704961e-18	3.97297237e-18	1.905236625e-18	4.57068056e-18	4.528026905e-18	1.523165223e-17
178.0	-7.489539803000001e-19	-3.8781439570000004e-19	-1.136768376e-18	-1.2713276239999999e-18	2.918129415e-18	3.959456828e-18	1.672306262e-18	4.5934604109999996e-18	4.629822585e-18	1.7642119949999998e-17
180.0	-1.253445267e-18	-5.996416271e-19	-1.8530868939999998e-18	-1.781887034e-18	-5.896091015e-18	3.772172486e-18	1.578440273e-18	4.446687942e-18	4.7096006869999996e-18	1.0929764019999999e-17
182.0	-1.618954337e-18	-7.28001542e-19	-2.3469558789999998e-18	-2.4425903919999998e-18	1.705395507e-19	3.4610039e-18	1.570261638e-18	4.119509226e-18	4.290899784e-18	1.390060216e-17
184.0	-1.766806033e-18	-7.363406447000001e-19	-2.503146677e-18	-2.534128726e-18	-8.427069347e-18	3.076039574e-18	1.541931789e-18	3.624868749e-18	3.611863451e-18	2.818622498e-17
186.0	-1.572197539e-18	-5.740596207000001e-19	-2.14625716e-18	-2.27387297e-18	1.397025837e-18	2.884597873e-18	1.476727325e-18	3.282941388e-18	3.420330478e-18	1.329653253e-17
188.0	-1.1282941929999999e-18	-1.7214616700000001e-19	-1.30044036e-18	-1.183065885e-18	8.4200193990000005e-19	2.985352845e-18	1.468140145e-18	3.272102477e-18	3.432887691e-18	3.6119431569999996e-17
190.0	-5.938090178e-19	4.170938484e-19	-1.7671516940000002e-19	2.4784590950000003e-20	5.591472806e-18	3.326770218e-18	1.652148963e-18	3.591807617e-18	3.6696036419999996e-18	8.450578113e-18
192.0	-1.122914771e-19	1.206911759e-18	1.094620282e-18	1.038305585e-18	-8.401023595000001e-20	3.675994332e-18	2.117154364e-18	4.04233975e-18	3.85512264e-18	1.532482686e-17
194.0	2.0666632040000002e-19	1.9280925499999998e-18	2.13475887e-18	2.103412337e-18	3.165857133e-18	3.931085336e-18	2.590911813e-18	4.309690988e-18	4.118653942e-18	1.2158589919999999e-17
196.0	3.655321851e-19	2.461643139e-18	2.827175324e-18	3.057761207e-18	5.207423305e-18	4.105856627e-18	2.9585828289999998e-18	4.560339626e-18	4.502782777e-18	3.697618033e-17
198.0	3.090381415e-19	2.6813256339999998e-18	2.990363775e-18	2.985700336e-18	3.9706349330000003e-19	4.15452592e-18	3.302512111e-18	4.858588449e-18	4.656579354e-18	9.985492508e-18
200.0	8.703837787000001e-20	2.621410726e-18	2.708449104e-18	2.57454308e-18	-2.466678383e-18	4.225386137e-18	3.575759779e-18	5.367787327e-18	5.071482436e-18	2.280802519e-17
