# (1)t	(2)P_1	(3)P_2	(4)trace	(5)purity	(6)vonNeumann_entropy
0.0	0.0	0.0	0.0	0.0	NaN
2.0	-1.3677517300000001e-22	-2.7511630129999998e-18	-2.751299788e-18	-8.614592723000001e-19	-1.3560262789999999e-17
4.0	-1.733101768e-18	-2.602085214e-18	-4.335186982e-18	1.505851175e-17	-6.132180979e-17
6.0	-3.442052966e-18	-1.214306433e-17	-1.5585117299999998e-17	1.825350417e-17	-9.324072419999999e-17
8.0	1.232251986e-15	1.838806885e-15	3.071058871e-15	5.250923085e-15	-1.98846502e-15
10.0	1.195720225e-13	3.052211262e-13	4.247931487e-13	3.231585018e-13	2.2767355e-13
12.0	7.57239369e-13	-5.5580540170000004e-14	7.016588289e-13	8.722143009e-13	-1.907095632e-13
14.0	1.00602504e-12	-4.189704139e-14	9.641279988e-13	1.165147116e-12	-3.001357792e-13
16.0	1.057429526e-12	4.86458096e-13	1.543887622e-12	1.715153395e-12	-3.541465711e-13
18.0	2.218609531e-12	1.010261319e-12	3.22887085e-12	3.139325818e-12	-1.904740687e-13
20.0	-1.251329473e-11	1.550101714e-11	2.987722411e-12	2.055896387e-11	-2.088897215e-11
22.0	-1.181001286e-11	1.370034641e-11	1.890333549e-12	2.001690994e-11	-2.211155199e-11
24.0	-1.141812454e-11	1.468802857e-11	3.269904027e-12	1.873422763e-11	-1.927821623e-11
26.0	-1.086898073e-11	1.505093272e-11	4.181951989e-12	1.638627856e-11	-1.531965644e-11
28.0	-1.009359175e-11	1.609717915e-11	6.003587395e-12	1.562282578e-11	-1.185516557e-11
30.0	-4.398413039e-12	1.37354017e-11	9.336988666e-12	-8.829903788e-12	2.51311991e-11
32.0	-9.325675824e-12	1.986752429e-11	1.054184847e-11	1.162258029e-10	-1.381938713e-10
34.0	1.188701331e-11	-5.032446682e-12	6.85456663e-12	4.846515646e-11	-5.410926837e-11
36.0	2.072921056e-11	-7.219808085e-12	1.350940248e-11	2.458323461e-11	-1.275441992e-11
38.0	3.965623669e-11	-2.897132534e-11	1.068491136e-11	-1.021251357e-10	1.509710326e-10
40.0	9.232199647e-11	-7.093264864e-11	2.138934782e-11	-1.282349586e-10	2.012872314e-10
42.0	7.26941322e-11	-5.605342579e-11	1.664070641e-11	-1.100778576e-10	1.701789923e-10
44.0	9.090913593e-11	-8.625786196e-11	4.651273967e-12	-1.853744229e-10	2.519416521e-10
46.0	7.994355809e-11	-8.707237709e-11	-7.128818993e-12	-8.932486651e-11	1.074422477e-10
48.0	-1.692914299e-11	5.68475822e-12	-1.124438477e-11	-8.719558403e-11	9.836656293e-11
50.0	-5.918041365e-11	4.273890963e-11	-1.644150401e-11	-3.52451872e-10	4.37975192e-10
52.0	-1.261415353e-10	9.279264856e-11	-3.334888676e-11	-4.409683066e-10	5.284433053e-10
54.0	-2.171265033e-9	2.196240245e-9	2.497521207e-11	2.940884288e-10	-3.4819705e-10
56.0	-8.621228285e-9	9.058926567e-9	4.376982823e-10	5.102624387e-8	-6.597253025e-8
58.0	-1.227395853e-8	1.141227314e-8	-8.616853922e-10	-2.25499014e-8	2.824041582e-8
60.0	-1.313045793e-8	1.639626576e-8	3.265807828e-9	-1.04471219e-7	1.414075677e-7
62.0	1.235608929e-6	-1.290569048e-6	-5.496011907e-8	-1.436216978e-6	1.803450818e-6
64.0	-1.650943463e-6	1.587563613e-6	-6.337984969e-8	7.002847929e-6	-9.275621576e-6
66.0	1.236759282e-6	-1.340570447e-6	-1.038111647e-7	4.312226186e-6	-5.807729918e-6
68.0	7.823422361e-7	-8.761568389e-7	-9.381460283e-8	-6.025582463e-7	6.5602979e-7
70.0	3.84822696e-6	-4.229118573e-6	-3.808916126e-7	3.921479791e-7	-1.065311199e-6
72.0	7.927167471e-6	-8.805933198e-6	-8.787657269e-7	1.323330043e-6	-3.017656617e-6
74.0	9.842565387e-6	-1.097659957e-5	-1.134034178e-6	7.239778568e-6	-1.121477656e-5
76.0	2.489989402e-6	-3.962647271e-6	-1.472657869e-6	7.763908052e-6	-1.243919234e-5
78.0	2.711950655e-6	-3.964586243e-6	-1.252635588e-6	4.633972923e-6	-7.999333101e-6
80.0	2.780435051e-6	-3.633730825e-6	-8.532957736e-7	-1.768143448e-5	2.227584624e-5
82.0	1.586109886e-6	-2.458008956e-6	-8.718990701e-7	-3.559819884e-5	4.620906197e-5
84.0	7.39337469e-6	-8.212123339e-6	-8.187486489e-7	-5.316198013e-5	6.987736131e-5
86.0	1.481398071e-5	-1.556959893e-5	-7.556182175e-7	-7.89663526e-5	0.0001046836687
88.0	1.226870662e-5	-1.217107434e-5	9.763228385e-8	-7.799966783e-5	0.0001048831436
90.0	1.042016087e-5	-1.084539498e-5	-4.252341145e-7	-6.000469343e-5	8.012523713e-5
92.0	7.093344682e-6	-7.739298805e-6	-6.459541231e-7	-5.358522227e-5	7.133783629e-5
94.0	1.844705156e-5	-1.89850596e-5	-5.380080426e-7	-5.135696738e-5	6.86481037e-5
96.0	2.758522714e-5	-2.788593341e-5	-3.007062742e-7	-5.612682534e-5	7.553609283e-5
98.0	2.656183548e-5	-2.681231072e-5	-2.504752376e-7	-5.931701186e-5	7.986954551e-5
100.0	6.431070589e-6	-5.699638131e-6	7.314324578e-7	-4.958314463e-5	6.803152108e-5
102.0	-2.162272498e-6	3.351974925e-6	1.189702427e-6	-4.207159853e-5	5.838545787e-5
104.0	-1.256684925e-5	1.371030997e-5	1.143460724e-6	-4.166614181e-5	5.75612121e-5
106.0	-1.586943218e-5	1.691698098e-5	1.047548803e-6	-4.548549735e-5	6.234175402e-5
108.0	-7.556819088e-6	9.096077796e-6	1.539258708e-6	-5.228377373e-5	7.199009421e-5
110.0	1.275633043e-6	7.336111836e-7	2.009244226e-6	-4.997814242e-5	6.950067857e-5
112.0	1.773175626e-5	-1.562492782e-5	2.106828432e-6	-6.087775415e-5	8.407006405e-5
114.0	2.388335554e-5	-2.071338772e-5	3.169967813e-6	-5.959561625e-5	8.389995076e-5
116.0	2.286859511e-5	-1.876167439e-5	4.106920715e-6	-6.8312462e-5	9.68724671e-5
118.0	1.169410582e-5	-6.964542515e-6	4.729563308e-6	-6.559756786e-5	9.422057794e-5
120.0	4.448370816e-6	2.902060602e-7	4.738576877e-6	-5.600972446e-5	8.153075271e-5
122.0	2.775716655e-7	4.03402006e-6	4.311591725e-6	-4.252984081e-5	6.299627239e-5
124.0	-3.852116904e-6	8.014681289e-6	4.162564385e-6	-2.834169836e-5	4.391507197e-5
126.0	-5.876195606e-6	9.818414758e-6	3.942219152e-6	-8.519572401e-6	1.720388363e-5
128.0	-6.696457162e-6	9.060555318e-6	2.364098156e-6	2.796327387e-5	-3.377501151e-5
130.0	-3.157187561e-6	4.372785084e-6	1.215597524e-6	3.333694973e-5	-4.26837353e-5
132.0	1.81379056e-5	-1.724264423e-5	8.952613672e-7	2.434232331e-5	-3.118766961e-5
134.0	3.121964602e-5	-3.033362611e-5	8.86019908e-7	2.165905691e-5	-2.764640097e-5
136.0	2.438849092e-5	-2.356620409e-5	8.222868258e-7	1.482787352e-5	-1.862445498e-5
138.0	8.443188088e-6	-7.68637424e-6	7.568138477e-7	-4.878121132e-6	7.678255324e-6
140.0	-1.832813595e-5	1.878535078e-5	4.572148273e-7	-1.805853059e-5	2.493353791e-5
142.0	-4.312989452e-5	4.275944039e-5	-3.704541374e-7	-1.448529354e-5	1.891617987e-5
144.0	-5.034158821e-5	4.931094445e-5	-1.030643763e-6	4.943788523e-6	-8.21587363e-6
146.0	-3.976631596e-5	3.864687348e-5	-1.119442477e-6	4.561719811e-5	-6.31454682e-5
148.0	-2.184827831e-5	2.02123092e-5	-1.635969109e-6	5.360608453e-5	-7.474522862e-5
150.0	-1.050374103e-5	7.916258139e-6	-2.587482888e-6	6.692571893e-5	-9.424139351e-5
152.0	-3.062349431e-6	-2.98842161e-7	-3.361191592e-6	6.232624945e-5	-8.93486139e-5
154.0	7.750081494e-6	-1.166039181e-5	-3.910310313e-6	4.302517629e-5	-6.421898234e-5
156.0	1.27119163e-5	-1.674576989e-5	-4.033853591e-6	2.968851109e-5	-4.641836696e-5
158.0	2.010308281e-5	-2.396911472e-5	-3.866031913e-6	1.844610501e-5	-3.093245033e-5
160.0	2.860300264e-5	-3.228019882e-5	-3.677196186e-6	2.089492209e-5	-3.390620509e-5
162.0	4.297779507e-5	-4.636890416e-5	-3.391109098e-6	4.637549781e-6	-1.142323689e-5
164.0	4.610954393e-5	-4.91129429e-5	-3.00339897e-6	-1.251642974e-5	1.228964709e-5
166.0	4.656127568e-5	-4.89417222e-5	-2.380446521e-6	-2.750511938e-5	3.326901427e-5
168.0	4.347110023e-5	-4.507112085e-5	-1.600020617e-6	-4.130451621e-5	5.274964537e-5
170.0	4.830101447e-5	-4.935027943e-5	-1.049264965e-6	-5.652917039e-5	7.372437163e-5
172.0	5.583179467e-5	-5.6183964e-5	-3.521693311e-7	-5.720637573e-5	7.557997206e-5
174.0	6.917281386e-5	-6.916647169e-5	6.342163591e-9	-5.278590769e-5	7.023856339e-5
176.0	7.197634935e-5	-7.255618066e-5	-5.79831312e-7	-2.215893849e-5	2.864803186e-5
178.0	7.651115976e-5	-7.738097119e-5	-8.69811434e-7	-1.571186846e-5	1.965523355e-5
180.0	7.479930074e-5	-7.608133156e-5	-1.282030825e-6	-4.825578729e-6	4.531509934e-6
182.0	5.696919176e-5	-5.859357532e-5	-1.624383553e-6	1.634054998e-6	-4.606885768e-6
184.0	2.902900831e-5	-3.057596525e-5	-1.546956942e-6	1.481666471e-6	-4.295287741e-6
186.0	6.582750925e-7	-1.800507848e-6	-1.142232755e-6	-5.271866626e-7	-1.007418244e-6
188.0	-2.289782405e-5	2.278321935e-5	-1.146046992e-7	-3.441231473e-6	4.446702661e-6
190.0	-4.273264379e-5	4.287530734e-5	1.426635526e-7	-7.350626825e-7	1.205092335e-6
192.0	-5.92370892e-5	5.944152731e-5	2.044381108e-7	-1.237614701e-5	1.700343191e-5
194.0	-7.282089354e-5	7.357422804e-5	7.533345029e-7	-2.376121915e-5	3.325638778e-5
196.0	-7.936523109e-5	8.127711939e-5	1.911888304e-6	-5.924368371e-6	1.093919092e-5
198.0	-8.328408492e-5	8.747161856e-5	4.18753364e-6	2.210454181e-5	-2.350126018e-5
200.0	-7.551948355e-5	7.986304737e-5	4.343563819e-6	5.506334971e-5	-6.786987193e-5
