-4152.939432	-0.02636380079	0.0
-4119.715917	-0.03020492734	0.0
-4086.492401	-0.03342132071	0.0
-4053.268886	-0.0359571522	0.0
-4020.04537	-0.03779917304	0.0
-3986.821855	-0.03905516702	0.0
-3953.598339	-0.03992780815	0.0
-3920.374824	-0.04059215862	0.0
-3887.151309	-0.04112334724	0.0
-3853.927793	-0.04150684109	0.0
-3820.704278	-0.04167325908	0.0
-3787.480762	-0.04153349678	0.0
-3754.257247	-0.0410120856	0.0
-3721.033731	-0.03998518471	0.0
-3687.810216	-0.03821781088	0.0
-3654.5867	-0.03545189761	0.0
-3621.363185	-0.03156046056	0.0
-3588.139669	-0.02664092203	0.0
-3554.916154	-0.02104936264	0.0
-3521.692639	-0.01529336896	0.0
-3488.469123	-0.009864790753	0.0
-3455.245608	-0.005192191638	0.0
-3422.022092	-0.001660999323	0.0
-3388.798577	0.000421235648	0.0
-3355.575061	0.0008460585272	0.0
-3322.351546	-0.0004344310788	0.0
-3289.12803	-0.003154762972	0.0
-3255.904515	-0.006704775056	0.0
-3222.680999	-0.01034143646	0.0
-3189.457484	-0.01336482439	0.0
-3156.233969	-0.01515766206	0.0
-3123.010453	-0.01523208055	0.0
-3089.786938	-0.01326865309	0.0
-3056.563422	-0.009082898385	0.0
-3023.339907	-0.002673754219	0.0
-2990.116391	0.005648859961	0.0
-2956.892876	0.01523508891	0.0
-2923.66936	0.02521084577	0.0
-2890.445845	0.03464181467	0.0
-2857.222329	0.04269217804	0.0
-2823.998814	0.04869330561	0.0
-2790.775298	0.05217862879	0.0
-2757.551783	0.05294241111	0.0
-2724.328268	0.05106226564	0.0
-2691.104752	0.04688238299	0.0
-2657.881237	0.04101653356	0.0
-2624.657721	0.03429356815	0.0
-2591.434206	0.02758670466	0.0
-2558.21069	0.0215708296	0.0
-2524.987175	0.01663512442	0.0
-2491.763659	0.01291233814	0.0
-2458.540144	0.01022377268	0.0
-2425.316628	0.008141006951	0.0
-2392.093113	0.006236486416	0.0
-2358.869598	0.004133612243	0.0
-2325.646082	0.001492908193	0.0
-2292.422567	-0.001818791687	0.0
-2259.199051	-0.005626211405	0.0
-2225.975536	-0.00949666488	0.0
-2192.75202	-0.01274330251	0.0
-2159.528505	-0.01449620309	0.0
-2126.304989	-0.01391788773	0.0
-2093.081474	-0.01038156589	0.0
-2059.857958	-0.003500733658	0.0
-2026.634443	0.006848502964	0.0
-1993.410927	0.0205309663	0.0
-1960.187412	0.03724646984	0.0
-1926.963897	0.05656960632	0.0
-1893.740381	0.07793886147	0.0
-1860.516866	0.100873749	0.0
-1827.29335	0.1251878658	0.0
-1794.069835	0.1510372248	0.0
-1760.846319	0.1790082211	0.0
-1727.622804	0.2099248505	0.0
-1694.399288	0.2443838797	0.0
-1661.175773	0.2826673986	0.0
-1627.952257	0.3245033143	0.0
-1594.728742	0.3686968459	0.0
-1561.505227	0.4134033672	0.0
-1528.281711	0.456057015	0.0
-1495.058196	0.4928981033	0.0
-1461.83468	0.5198077035	0.0
-1428.611165	0.5337452009	0.0
-1395.387649	0.5334684341	0.0
-1362.164134	0.5202372146	0.0
-1328.940618	0.4994035958	0.0
-1295.717103	0.4819086446	0.0
-1262.493587	0.4842809176	0.0
-1229.270072	0.5286542354	0.0
-1196.046556	0.6442565288	0.0
-1162.823041	0.8691957094	0.0
-1129.599526	1.255490414	0.0
-1096.37601	1.88158821	0.0
-1063.152495	2.870920217	0.0
-1029.928979	4.418283273	0.0
-996.7054637	6.836508843	0.0
-963.4819483	10.63687437	0.0
-930.2584328	16.63094699	0.0
-897.0349174	25.95509933	0.0
-863.8114019	39.76290326	0.0
-830.5878864	58.30240021	0.0
-797.364371	79.67669003	0.0
-764.1408555	99.50582599	0.0
-730.9173401	112.3019311	0.0
-697.6938246	113.753897	0.0
-664.4703092	102.6063041	0.0
-631.2467937	81.33477611	0.0
-598.0232782	55.36806385	0.0
-564.7997628	31.18684644	0.0
-531.5762473	14.01881742	0.0
-498.3527319	6.028293385	0.0
-465.1292164	5.855388821	0.0
-431.905701	9.864443269	0.0
-398.6821855	14.17378654	0.0
-365.45867	16.13123919	0.0
-332.2351546	14.92701237	0.0
-299.0116391	11.42001149	0.0
-265.7881237	7.323658214	0.0
-232.5646082	4.268159337	0.0
-199.3410927	3.125792171	0.0
-166.1175773	3.720734706	0.0
-132.8940618	5.151235001	0.0
-99.67054637	6.518523538	0.0
-66.44703092	7.338525377	0.0
-33.22351546	7.499155372	0.0
0.0	7.1083643	0.0
33.22351546	6.403107051	0.0
66.44703092	5.721982086	0.0
99.67054637	5.349499416	0.0
132.8940618	5.283288318	0.0
166.1175773	5.334504027	0.0
199.3410927	5.400727904	0.0
232.5646082	5.430488321	0.0
265.7881237	5.319577869	0.0
299.0116391	5.039640855	0.0
332.2351546	4.708879965	0.0
365.45867	4.469975679	0.0
398.6821855	4.375989194	0.0
431.905701	4.371020188	0.0
465.1292164	4.355308436	0.0
498.3527319	4.268188895	0.0
531.5762473	4.105922443	0.0
564.7997628	3.898493858	0.0
598.0232782	3.693620114	0.0
631.2467937	3.534031968	0.0
664.4703092	3.423553409	0.0
697.6938246	3.317718669	0.0
730.9173401	3.171427087	0.0
764.1408555	3.004890182	0.0
797.364371	2.880939869	0.0
830.5878864	2.819122192	0.0
863.8114019	2.777671963	0.0
897.0349174	2.700082159	0.0
930.2584328	2.564557995	0.0
963.4819483	2.401525972	0.0
996.7054637	2.247014706	0.0
1029.928979	2.098303445	0.0
1063.152495	1.942481985	0.0
1096.37601	1.790671885	0.0
1129.599526	1.66281937	0.0
1162.823041	1.56959999	0.0
1196.046556	1.508703729	0.0
1229.270072	1.463991362	0.0
1262.493587	1.415842232	0.0
1295.717103	1.351835901	0.0
1328.940618	1.273195776	0.0
1362.164134	1.196435098	0.0
1395.387649	1.137463421	0.0
1428.611165	1.095411604	0.0
1461.83468	1.058847163	0.0
1495.058196	1.017544556	0.0
1528.281711	0.9662621423	0.0
1561.505227	0.9079565305	0.0
1594.728742	0.8509767789	0.0
1627.952257	0.8007982615	0.0
1661.175773	0.7589858897	0.0
1694.399288	0.7260516145	0.0
1727.622804	0.7015135035	0.0
1760.846319	0.6820656286	0.0
1794.069835	0.6603241424	0.0
1827.29335	0.6300968964	0.0
1860.516866	0.5932558957	0.0
1893.740381	0.5556919853	0.0
1926.963897	0.5200537345	0.0
1960.187412	0.4873746012	0.0
1993.410927	0.4589165532	0.0
2026.634443	0.4329512237	0.0
2059.857958	0.4054546496	0.0
2093.081474	0.3749581615	0.0
2126.304989	0.3434429353	0.0
2159.528505	0.3127687523	0.0
2192.75202	0.283245672	0.0
2225.975536	0.2563692164	0.0
2259.199051	0.2349521127	0.0
2292.422567	0.2195988828	0.0
2325.646082	0.2088674085	0.0
2358.869598	0.2020529763	0.0
2392.093113	0.1988554867	0.0
2425.316628	0.1982992801	0.0
2458.540144	0.1994627521	0.0
2491.763659	0.2020452522	0.0
2524.987175	0.2062120975	0.0
2558.21069	0.2120501214	0.0
2591.434206	0.2190315058	0.0
2624.657721	0.2264357112	0.0
2657.881237	0.233534558	0.0
2691.104752	0.2390723174	0.0
2724.328268	0.2418257996	0.0
2757.551783	0.2414166554	0.0
2790.775298	0.2376510812	0.0
2823.998814	0.2300297042	0.0
2857.222329	0.2184275139	0.0
2890.445845	0.2032951899	0.0
2923.66936	0.1850627486	0.0
2956.892876	0.1640102232	0.0
2990.116391	0.1406172608	0.0
3023.339907	0.115579101	0.0
3056.563422	0.08952466566	0.0
3089.786938	0.06311203748	0.0
3123.010453	0.03728119408	0.0
3156.233969	0.01301678261	0.0
3189.457484	-0.008984226043	0.0
3222.680999	-0.02819763761	0.0
3255.904515	-0.04414330718	0.0
3289.12803	-0.05648987662	0.0
3322.351546	-0.0651465299	0.0
3355.575061	-0.07026058511	0.0
3388.798577	-0.07213306582	0.0
3422.022092	-0.0711181299	0.0
3455.245608	-0.06766302221	0.0
3488.469123	-0.06226199315	0.0
3521.692639	-0.05528046913	0.0
3554.916154	-0.04704083451	0.0
3588.139669	-0.03803074598	0.0
3621.363185	-0.02877480992	0.0
3654.5867	-0.01967448421	0.0
3687.810216	-0.01110566489	0.0
3721.033731	-0.003459411643	0.0
3754.257247	0.002955711566	0.0
3787.480762	0.00789452312	0.0
3820.704278	0.0111537616	0.0
3853.927793	0.01266370382	0.0
3887.151309	0.01251792399	0.0
3920.374824	0.01088144232	0.0
3953.598339	0.007941916066	0.0
3986.821855	0.003917580095	0.0
4020.04537	-0.000930163303	0.0
4053.268886	-0.006278795307	0.0
4086.492401	-0.01175508193	0.0
4119.715917	-0.01704287121	0.0
4152.939432	-0.02195039164	0.0
