# (1)t	(2)P_1	(3)P_2	(4)trace	(5)purity	(6)vonNeumann_entropy	(7)P_1 std	(8)P_2 std	(9)trace std	(10)purity std	(11)vonNeumann_entropy std
0.0	1.002888971	-0.00146646368	1.001422507	1.006352941	-0.01075244968	0.01647451343	0.007203433196	0.01957493207	0.03281404206	0.03479775242
0.1	0.9925426393	0.008879868133	1.001422507	1.005628866	-0.008887933212	0.01733060515	0.005982340089	0.01957493207	0.03295282341	0.03574142707
0.2	0.9639711292	0.03745137831	1.001422507	1.000188943	0.005625372682	0.01787201469	0.004989306023	0.01957493207	0.033291507	0.03564190388
0.3	0.9203835242	0.08103898325	1.001422507	0.9824490988	0.05426118988	0.01800928426	0.004593534109	0.01957493207	0.03318305535	0.02614328551
0.4	0.866257618	0.1351648894	1.001422507	0.9491707364	0.1246018556	0.01755532341	0.004851282427	0.01957493207	0.03472509803	0.02195386552
0.5	0.8064709107	0.1949515967	1.001422507	0.8986225938	0.2117459876	0.01658680818	0.005551399671	0.01957493207	0.03317109947	0.02083449538
0.6	0.7456376943	0.2557848131	1.001422507	0.8377820113	0.3027071913	0.01530594841	0.006548067882	0.01957493207	0.03161142363	0.01741658944
0.7	0.6876697318	0.3137527757	1.001422507	0.7715179678	0.3913095897	0.013792113	0.007883143522	0.01957493207	0.02951215021	0.01461964742
0.8	0.6355792636	0.3658432438	1.001422507	0.7061229789	0.4714710937	0.01231344882	0.009437180284	0.01957493207	0.02594289127	0.01128945414
0.9	0.5912061384	0.410216369	1.001422507	0.6511566327	0.5347180662	0.01097710894	0.01120385384	0.01957493207	0.02548464401	0.01128448569
1.0	0.5555911964	0.445831311	1.001422507	0.6039422483	0.5865155663	0.01001137065	0.01286308664	0.01957493207	0.02203413578	0.00855541622
1.1	0.5288448987	0.4725776088	1.001422507	0.5692493201	0.6233326888	0.009473978604	0.01415535716	0.01957493207	0.02011883112	0.00712140335
1.2	0.5103825706	0.4910399368	1.001422507	0.5439604564	0.6495671858	0.009432704195	0.01513603274	0.01957493207	0.0185627917	0.005529119411
1.3	0.4993795965	0.5020429109	1.001422507	0.526293283	0.6676155535	0.009979637103	0.01585039339	0.01957493207	0.0176053029	0.004354737449
1.4	0.4946323752	0.5067901323	1.001422507	0.5151012472	0.6789477316	0.01048240769	0.01642636565	0.01957493207	0.01768952745	0.004174088637
1.5	0.4946194135	0.506803094	1.001422507	0.5081608881	0.6859388339	0.0107323912	0.01685681632	0.01957493207	0.01814145762	0.004514621026
1.6	0.4978774843	0.5035450231	1.001422507	0.5046719491	0.689450331	0.01069175046	0.01706506725	0.01957493207	0.01893748183	0.005363740522
1.7	0.5032797392	0.4981427683	1.001422507	0.5040236138	0.6901072456	0.01042355984	0.01700694886	0.01957493207	0.01941217765	0.005891113673
1.8	0.50948678	0.4919357274	1.001422507	0.5044742403	0.6896591146	0.01009426659	0.01668239867	0.01957493207	0.01961238311	0.006151189211
1.9	0.5149732486	0.4864492589	1.001422507	0.5060929444	0.6880399386	0.009917823106	0.01617661654	0.01957493207	0.01975292131	0.006325100632
2.0	0.5189238461	0.4824986614	1.001422507	0.5086625799	0.685457965	0.009898431012	0.01583890506	0.01957493207	0.01959436687	0.006330231691
2.1	0.5205979854	0.4808245221	1.001422507	0.5119858867	0.6821149883	0.009827844606	0.01575536373	0.01957493207	0.01952595681	0.006415321501
2.2	0.5193582728	0.4820642347	1.001422507	0.5157896502	0.6782805117	0.009503344068	0.0156487769	0.01957493207	0.01953441922	0.006625887769
2.3	0.5150498668	0.4863726406	1.001422507	0.5189412266	0.6751100343	0.009112649867	0.01538809481	0.01957493207	0.02022001706	0.007251751092
2.4	0.5077606174	0.4936618901	1.001422507	0.5215267692	0.6725116859	0.008671715128	0.01517490226	0.01957493207	0.02112697283	0.00793295076
2.5	0.497881001	0.5035415064	1.001422507	0.5238003876	0.6702136008	0.008298395172	0.01497524703	0.01957493207	0.02161800768	0.008469368348
2.6	0.4860792415	0.515343266	1.001422507	0.5261033463	0.6678954542	0.008178802096	0.01503847084	0.01957493207	0.02282085053	0.009580880083
2.7	0.4728058651	0.5286166423	1.001422507	0.5286332339	0.6653355792	0.008125977223	0.0154860999	0.01957493207	0.02352770752	0.01016788949
2.8	0.4585510728	0.5428714346	1.001422507	0.531114378	0.6628184915	0.008280297702	0.01611186947	0.01957493207	0.02403197887	0.01055683164
2.9	0.4439263634	0.557496144	1.001422507	0.5338577499	0.6600349442	0.008528512325	0.01693262519	0.01957493207	0.02465198687	0.01091634485
3.0	0.429159124	0.5722633835	1.001422507	0.5364771617	0.6573666994	0.008613853109	0.01793556017	0.01957493207	0.02525162396	0.01149799715
3.1	0.4150677887	0.5863547188	1.001422507	0.5385071668	0.6552906404	0.008648248206	0.0190939188	0.01957493207	0.02541880897	0.01169178455
3.2	0.402177188	0.5992453195	1.001422507	0.5422941669	0.6514033437	0.008646649976	0.02008564867	0.01957493207	0.02541130946	0.01170564869
3.3	0.3904450513	0.6109774562	1.001422507	0.5461292322	0.6474559156	0.008719358051	0.02068760248	0.01957493207	0.02533275026	0.01164040367
3.4	0.3803165814	0.621105926	1.001422507	0.5497463768	0.6437252148	0.009121015839	0.02104563053	0.01957493207	0.02551549249	0.01188130534
3.5	0.3717583768	0.6296641307	1.001422507	0.5542757647	0.6390496418	0.009761515032	0.02129635475	0.01957493207	0.02592647977	0.01206289388
3.6	0.3646372324	0.6367852751	1.001422507	0.5583558534	0.6348294213	0.01032379461	0.02159660758	0.01957493207	0.02685505593	0.01290801944
3.7	0.3589392564	0.6424832511	1.001422507	0.5626776369	0.6303344684	0.01061055663	0.02190361513	0.01957493207	0.027387293	0.013545378
3.8	0.3545338574	0.6468886501	1.001422507	0.5663139043	0.626536055	0.01072094078	0.02213047433	0.01957493207	0.02744028763	0.01364901727
3.9	0.3509821721	0.6504403354	1.001422507	0.5701402136	0.6225181743	0.01079628414	0.02237448655	0.01957493207	0.02669038045	0.01288557388
4.0	0.3478663877	0.6535561197	1.001422507	0.5733250438	0.6191657364	0.01067889078	0.02244474472	0.01957493207	0.02641316168	0.01274540011
4.1	0.3452400543	0.6561824532	1.001422507	0.5762225296	0.6161263229	0.01021570507	0.02214836685	0.01957493207	0.02675891264	0.01291083475
4.2	0.342952879	0.6584696285	1.001422507	0.5796048443	0.6125723425	0.009646363884	0.0217785684	0.01957493207	0.02729130313	0.01321029815
4.3	0.3408079441	0.6606145633	1.001422507	0.5829909092	0.6089989049	0.009234596686	0.02151929498	0.01957493207	0.02764061071	0.01347247121
4.4	0.3384982754	0.6629242321	1.001422507	0.5861484073	0.6056599093	0.008921037633	0.02142391499	0.01957493207	0.02807028307	0.01379570505
4.5	0.3358261733	0.6655963341	1.001422507	0.5902677161	0.6012758547	0.00860037854	0.02144860546	0.01957493207	0.02777633718	0.01341085433
4.6	0.3324763803	0.6689461272	1.001422507	0.5946760415	0.5965785297	0.008372443014	0.02125351888	0.01957493207	0.02813922619	0.01374011303
4.7	0.3283973283	0.6730251792	1.001422507	0.598265362	0.5927383436	0.008259931785	0.02082685294	0.01957493207	0.02814811975	0.01368945665
4.8	0.3239889616	0.6774335458	1.001422507	0.6018201788	0.5889156073	0.008212541832	0.02041652856	0.01957493207	0.02776336699	0.01331894804
4.9	0.3193560766	0.6820664308	1.001422507	0.6044967498	0.5860441505	0.00822055435	0.02021491752	0.01957493207	0.02797787896	0.01333290788
5.0	0.3145937971	0.6868287104	1.001422507	0.6084172218	0.5818092896	0.007981129595	0.0203182014	0.01957493207	0.02750162883	0.01274119023
5.1	0.3097473255	0.691675182	1.001422507	0.6124446956	0.5774256782	0.007551363416	0.02051851803	0.01957493207	0.02618895567	0.0114644491
5.2	0.3049146987	0.6965078088	1.001422507	0.6168164851	0.5726585746	0.007124526067	0.02055276205	0.01957493207	0.025258765	0.01056753228
5.3	0.2999371035	0.701485404	1.001422507	0.6207519068	0.5683820846	0.006817157947	0.02018681719	0.01957493207	0.02611988827	0.01144908934
5.4	0.2949105718	0.7065119357	1.001422507	0.6239903517	0.564861531	0.006765758584	0.01941816792	0.01957493207	0.02751827951	0.01299578078
5.5	0.2905480596	0.7108744478	1.001422507	0.6267925122	0.5618054059	0.006993126787	0.01845358425	0.01957493207	0.02820182932	0.01356490587
5.6	0.2869521589	0.7144703486	1.001422507	0.6298912538	0.5584170704	0.007548068832	0.01770951619	0.01957493207	0.02957765866	0.01515684195
5.7	0.2838794034	0.7175431041	1.001422507	0.6326681627	0.5553648125	0.008280502615	0.01779629078	0.01957493207	0.02991456582	0.015453755
5.8	0.2813415938	0.7200809137	1.001422507	0.6358759001	0.5518012288	0.009118351527	0.0184668477	0.01957493207	0.02830317339	0.0136317686
5.9	0.2793477916	0.7220747159	1.001422507	0.638971027	0.548370587	0.01001001922	0.01907109905	0.01957493207	0.02834897876	0.01377325249
6.0	0.2774207007	0.7240018067	1.001422507	0.6417539306	0.5452683342	0.01038711672	0.0194018271	0.01957493207	0.02799691137	0.01364697434
6.1	0.2752830149	0.7261394926	1.001422507	0.6435733875	0.5432428385	0.01012134306	0.01937472828	0.01957493207	0.02839088915	0.01427048915
6.2	0.2731920908	0.7282304166	1.001422507	0.6451367465	0.5414949325	0.009556846162	0.01925076907	0.01957493207	0.02872022919	0.01494793176
6.3	0.2714711857	0.7299513218	1.001422507	0.6469257311	0.5395077912	0.008927290927	0.01921273508	0.01957493207	0.0298022122	0.01621402712
6.4	0.2702175909	0.7312049166	1.001422507	0.6493018802	0.5368251831	0.008443172275	0.01931870161	0.01957493207	0.03003021687	0.01728631474
6.5	0.2690833028	0.7323392047	1.001422507	0.6514060192	0.5344597767	0.008363732545	0.0194633483	0.01957493207	0.02955164647	0.01686604777
6.6	0.267975172	0.7334473355	1.001422507	0.6538433688	0.5317330664	0.008773535074	0.01951974177	0.01957493207	0.02933325543	0.01629793242
6.7	0.2668965558	0.7345259516	1.001422507	0.655277433	0.5301424011	0.009435958593	0.01947317468	0.01957493207	0.02914659667	0.01535895523
6.8	0.2658045309	0.7356179766	1.001422507	0.6569499064	0.5282560581	0.009696983574	0.01932455649	0.01957493207	0.02859855204	0.01460344666
6.9	0.2644698716	0.7369526358	1.001422507	0.6592664264	0.5256502835	0.009371609726	0.01885933393	0.01957493207	0.02907614448	0.01504453718
7.0	0.2629809382	0.7384415693	1.001422507	0.6615107909	0.5231285009	0.008976165477	0.01815610483	0.01957493207	0.03011453283	0.01609803816
7.1	0.2613863377	0.7400361697	1.001422507	0.6636776277	0.5206722376	0.008786342794	0.01739162829	0.01957493207	0.02950760371	0.01520208426
7.2	0.2594333371	0.7419891704	1.001422507	0.6663779163	0.5176174799	0.008991534914	0.01665623891	0.01957493207	0.02978612512	0.01525604243
7.3	0.2571101933	0.7443123141	1.001422507	0.6694157037	0.5141632224	0.009298385617	0.01610497737	0.01957493207	0.02967263648	0.01494286129
7.4	0.2542485149	0.7471739925	1.001422507	0.6718527574	0.5113822565	0.009346102231	0.0157952355	0.01957493207	0.02964204701	0.01480745472
7.5	0.2512394391	0.7501830683	1.001422507	0.6743224665	0.5085396901	0.009056362727	0.01562997215	0.01957493207	0.02901999691	0.01433760459
7.6	0.2486045534	0.752817954	1.001422507	0.6773248318	0.5050832708	0.008392916149	0.01568659643	0.01957493207	0.02935879179	0.01523837581
7.7	0.2459214879	0.7555010196	1.001422507	0.6795852938	0.5024734227	0.007462625124	0.01631254902	0.01957493207	0.02980803905	0.01621034709
7.8	0.2430718366	0.7583506709	1.001422507	0.6820319735	0.4996573008	0.006768602753	0.01745423581	0.01957493207	0.03055405827	0.01716804948
7.9	0.2405491128	0.7608733946	1.001422507	0.6851147454	0.496086882	0.006759884724	0.01864662281	0.01957493207	0.03061942716	0.01747532695
8.0	0.2384402149	0.7629822926	1.001422507	0.6870114082	0.493909721	0.007375562176	0.01954385156	0.01957493207	0.03116665023	0.01768435559
8.1	0.2365176995	0.764904808	1.001422507	0.6882191423	0.4925260669	0.008260081999	0.02007664027	0.01957493207	0.03175627171	0.01806983825
8.2	0.2345580478	0.7668644596	1.001422507	0.6894146808	0.4911291881	0.009137900699	0.02033396029	0.01957493207	0.03235232307	0.01912781364
8.3	0.2328039125	0.768618595	1.001422507	0.6906286882	0.4897192891	0.01006081684	0.02058922103	0.01957493207	0.03314020122	0.02014630227
8.4	0.2317850797	0.7696374277	1.001422507	0.6919910073	0.4881338097	0.01076743542	0.02098700898	0.01957493207	0.03345342666	0.02054410962
8.5	0.2315615178	0.7698609897	1.001422507	0.694218382	0.4855404199	0.0112467783	0.02156212769	0.01957493207	0.03382844599	0.02091590057
8.6	0.2316701052	0.7697524023	1.001422507	0.6955188539	0.4840358665	0.01165342012	0.02210270014	0.01957493207	0.03374969064	0.02041690413
8.7	0.2318528054	0.7695697021	1.001422507	0.6964501813	0.4829571218	0.01167825658	0.02228481446	0.01957493207	0.0334787513	0.01975942156
8.8	0.232103136	0.7693193715	1.001422507	0.6977982671	0.4813694231	0.01118384783	0.02201460385	0.01957493207	0.03348718574	0.01999629686
8.9	0.2324191095	0.769003398	1.001422507	0.69825593	0.480814028	0.01019031609	0.02141603224	0.01957493207	0.03312526965	0.01997000168
9.0	0.2325889834	0.768833524	1.001422507	0.6991023425	0.4798344759	0.008862536108	0.02061101793	0.01957493207	0.0327880616	0.01914179736
9.1	0.2321010678	0.7693214397	1.001422507	0.6989267898	0.4800539186	0.007602272427	0.01976970377	0.01957493207	0.0334505953	0.01973354404
9.2	0.2311148676	0.7703076399	1.001422507	0.6990326913	0.479930363	0.006665794059	0.01919609942	0.01957493207	0.03308660856	0.01921647529
9.3	0.2302258188	0.7711966887	1.001422507	0.6994970628	0.4793671724	0.006007303938	0.01885290606	0.01957493207	0.03144701213	0.01728972261
9.4	0.229632341	0.7717901665	1.001422507	0.7004348103	0.4782642544	0.005774233952	0.01869587587	0.01957493207	0.03122156588	0.0169874492
9.5	0.2290331589	0.7723893485	1.001422507	0.7020483961	0.4763745959	0.005954499448	0.01876805259	0.01957493207	0.03138618977	0.01696981929
9.6	0.2281588464	0.7732636611	1.001422507	0.7034250541	0.474752856	0.006373350214	0.01881779591	0.01957493207	0.03098082384	0.01633831336
9.7	0.2271940265	0.774228481	1.001422507	0.7041815698	0.4738755847	0.006885669609	0.01871585605	0.01957493207	0.03128696476	0.01635664846
9.8	0.2261234074	0.7752991001	1.001422507	0.7051271841	0.4727694981	0.007380981744	0.01869999207	0.01957493207	0.03143788224	0.01631059196
9.9	0.2251611117	0.7762613958	1.001422507	0.7068898915	0.4706830988	0.007534962425	0.01862435389	0.01957493207	0.03199983071	0.01723547831
10.0	0.2242151478	0.7772073596	1.001422507	0.7075346953	0.4699263775	0.007254551917	0.01863729472	0.01957493207	0.03190540531	0.01689757738
10.1	0.2228931516	0.7785293558	1.001422507	0.708217759	0.4691214706	0.006619318926	0.01884575139	0.01957493207	0.0320171334	0.01694648826
10.2	0.2213725464	0.780049961	1.001422507	0.7082556598	0.4690772054	0.006146484016	0.01904683398	0.01957493207	0.0318751181	0.01670123886
10.3	0.2199598146	0.7814626929	1.001422507	0.7082407513	0.4690863405	0.006293985155	0.01902675078	0.01957493207	0.03125832408	0.01593940207
10.4	0.219108407	0.7823141005	1.001422507	0.7090442992	0.4681249277	0.006754555887	0.0187010615	0.01957493207	0.03127962601	0.0162191325
10.5	0.2188767215	0.782545786	1.001422507	0.7090188615	0.4681560529	0.007272236565	0.01807614486	0.01957493207	0.03126352669	0.0161514931
10.6	0.2189339334	0.7824885741	1.001422507	0.7095118156	0.4675686564	0.007493260798	0.01728048359	0.01957493207	0.03061621748	0.01516478625
10.7	0.2192854064	0.782137101	1.001422507	0.710125429	0.4668468506	0.007082552928	0.01651642424	0.01957493207	0.03021855093	0.01429422948
10.8	0.220211632	0.7812108754	1.001422507	0.7101611204	0.4668158923	0.006370197803	0.01613654757	0.01957493207	0.0304591434	0.01435448118
10.9	0.2215608208	0.7798616866	1.001422507	0.7110695396	0.4657199953	0.006149068045	0.01650953535	0.01957493207	0.03004644516	0.01420050591
11.0	0.2227508575	0.7786716499	1.001422507	0.7115338421	0.4651577069	0.006772889051	0.01745420769	0.01957493207	0.0299632495	0.01441781461
11.1	0.223329107	0.7780934004	1.001422507	0.7121907221	0.4643589886	0.007726826546	0.01853849125	0.01957493207	0.03012145711	0.01523214251
11.2	0.2228337117	0.7785887957	1.001422507	0.7127823915	0.4636488423	0.008536862475	0.01930921809	0.01957493207	0.03010327048	0.01538918945
11.3	0.2214273976	0.7799951099	1.001422507	0.7123977425	0.4641229109	0.008882961307	0.01962453437	0.01957493207	0.03022602631	0.01504794121
11.4	0.2196708317	0.7817516757	1.001422507	0.7134428164	0.4629108747	0.008811783418	0.01972634512	0.01957493207	0.03213173206	0.01710569747
11.5	0.2182068772	0.7832156302	1.001422507	0.7143341764	0.4618465655	0.008409037913	0.01999049573	0.01957493207	0.03217929131	0.01723231091
11.6	0.2170552335	0.784367274	1.001422507	0.7149245844	0.4611248905	0.007780892037	0.02031152047	0.01957493207	0.03195745031	0.01740299011
11.7	0.215766402	0.7856561054	1.001422507	0.7151519832	0.4608556377	0.007262540349	0.02034073101	0.01957493207	0.03168831776	0.01696645386
11.8	0.2142656578	0.7871568496	1.001422507	0.7164349663	0.4593343026	0.006570980512	0.01996754791	0.01957493207	0.03290197119	0.01850825208
11.9	0.2127057367	0.7887167708	1.001422507	0.717169148	0.4584724045	0.005989975802	0.0196626015	0.01957493207	0.03342033456	0.01884584813
12.0	0.2116679347	0.7897545727	1.001422507	0.7176212318	0.4579591144	0.005838122927	0.01965783855	0.01957493207	0.034133073	0.01918636034
12.1	0.2111872539	0.7902352535	1.001422507	0.7188897419	0.4564365793	0.005945339874	0.01989543296	0.01957493207	0.03372042465	0.01862789591
12.2	0.2110627473	0.7903597602	1.001422507	0.7207142963	0.4542388673	0.006113808449	0.02005586681	0.01957493207	0.03313555105	0.01793523751
12.3	0.2110597124	0.7903627951	1.001422507	0.7217490977	0.4529779882	0.006053174054	0.02016879557	0.01957493207	0.03225408108	0.01705080923
12.4	0.2107458999	0.7906766076	1.001422507	0.7229825502	0.4514958699	0.00581187953	0.02004017278	0.01957493207	0.03277570076	0.01784425753
12.5	0.2100560888	0.7913664186	1.001422507	0.7238739014	0.4504123454	0.005955210261	0.01973493332	0.01957493207	0.03402648087	0.01994855846
12.6	0.209319398	0.7921031095	1.001422507	0.7244008374	0.4497722698	0.006784114559	0.01960428094	0.01957493207	0.03408327885	0.02015218434
12.7	0.2089119703	0.7925105372	1.001422507	0.7248010079	0.4493043035	0.008029613973	0.01984072715	0.01957493207	0.03388864625	0.01949251897
12.8	0.2089239582	0.7924985492	1.001422507	0.7241032751	0.4501501288	0.009144161358	0.02040625835	0.01957493207	0.03357472879	0.01890523183
12.9	0.2092215958	0.7922009117	1.001422507	0.7233195701	0.4510901359	0.009559119439	0.02099458575	0.01957493207	0.0332320758	0.01849098202
13.0	0.2094482513	0.7919742561	1.001422507	0.7236081351	0.4507231443	0.009163313964	0.02145352969	0.01957493207	0.03295299044	0.01858301094
13.1	0.2096261764	0.7917963311	1.001422507	0.7234748625	0.4508801666	0.008351140821	0.02162020957	0.01957493207	0.03304942456	0.0188455807
13.2	0.2101370207	0.7912854868	1.001422507	0.7231254527	0.451292165	0.007636244511	0.02155993032	0.01957493207	0.0342518966	0.02076391938
13.3	0.2105974033	0.7908251042	1.001422507	0.7236616803	0.4506679316	0.007225304432	0.02148809191	0.01957493207	0.03558141059	0.02206457625
13.4	0.2105936977	0.7908288098	1.001422507	0.7240056031	0.4502619912	0.007014367476	0.02155012993	0.01957493207	0.03501189131	0.02108879711
13.5	0.2102837742	0.7911387333	1.001422507	0.723320114	0.4510873515	0.006840053634	0.02145333339	0.01957493207	0.03511212736	0.02123175374
13.6	0.2097835745	0.791638933	1.001422507	0.7231945164	0.4512323892	0.00683378632	0.02125281897	0.01957493207	0.03514679184	0.02141407974
13.7	0.2088200404	0.7926024671	1.001422507	0.7239569037	0.4503176141	0.006973267971	0.02120395616	0.01957493207	0.03457979392	0.02054734496
13.8	0.2079010014	0.7935215061	1.001422507	0.723788334	0.4505293724	0.007070496621	0.02105997218	0.01957493207	0.0345951443	0.02035497473
13.9	0.2078680911	0.7935544164	1.001422507	0.7232749124	0.4511482114	0.007144303701	0.02092062578	0.01957493207	0.03382808017	0.01921951284
14.0	0.2086121382	0.7928103692	1.001422507	0.7240730468	0.4501712671	0.007184517111	0.0204410486	0.01957493207	0.03247365004	0.01757916719
14.1	0.2095511818	0.7918713256	1.001422507	0.7243027911	0.4498868918	0.007188540987	0.0193882951	0.01957493207	0.03223502771	0.0174085948
14.2	0.2100321255	0.7913903819	1.001422507	0.7241126212	0.4501195238	0.007203363376	0.01820462755	0.01957493207	0.03240716857	0.01758935553
14.3	0.20981608	0.7916064274	1.001422507	0.7250573523	0.4489714285	0.007315195199	0.01715089085	0.01957493207	0.03233169342	0.01770544761
14.4	0.2092120375	0.79221047	1.001422507	0.725847421	0.4479900474	0.007542611193	0.0162706109	0.01957493207	0.03086742108	0.01623291082
14.5	0.208493574	0.7929289334	1.001422507	0.7265260276	0.4471301418	0.007767612528	0.01563543609	0.01957493207	0.02966190715	0.01554316235
14.6	0.2078052559	0.7936172515	1.001422507	0.7271992282	0.4463024508	0.008038296825	0.01548564468	0.01957493207	0.0290900063	0.01506163052
14.7	0.2073239954	0.7940985121	1.001422507	0.7272370598	0.4462365837	0.008466748234	0.0156261774	0.01957493207	0.02810634538	0.01416984117
14.8	0.2069305639	0.7944919436	1.001422507	0.7275554595	0.4458625697	0.009153032984	0.0155300752	0.01957493207	0.02828999273	0.01407889155
14.9	0.2063142335	0.7951082739	1.001422507	0.7280148401	0.4453163843	0.009630338462	0.01528973603	0.01957493207	0.02840909121	0.01392925376
15.0	0.2055636407	0.7958588668	1.001422507	0.7274474407	0.4460023778	0.009544573288	0.01518917506	0.01957493207	0.02834363487	0.01383922909
15.1	0.2046970533	0.7967254542	1.001422507	0.7269817555	0.4465721467	0.009274210941	0.01526225063	0.01957493207	0.02848259996	0.01382894026
15.2	0.2041146118	0.7973078956	1.001422507	0.7274400227	0.4460170592	0.008995257495	0.01558088071	0.01957493207	0.02789992041	0.01281630125
15.3	0.2044061506	0.7970163569	1.001422507	0.7280332214	0.4452868067	0.008601089995	0.01602094775	0.01957493207	0.02731652265	0.0122275948
15.4	0.2051703379	0.7962521695	1.001422507	0.7279746281	0.4453620777	0.008307989124	0.016256105	0.01957493207	0.02718950584	0.01182740964
15.5	0.2054986206	0.7959238868	1.001422507	0.7279472964	0.4454143155	0.008019019484	0.01614829893	0.01957493207	0.02738680175	0.01148372182
15.6	0.2050880178	0.7963344896	1.001422507	0.727516627	0.4459193917	0.007414814497	0.01594464403	0.01957493207	0.0266765173	0.01077850026
15.7	0.2045564242	0.7968660832	1.001422507	0.7278845628	0.4454746621	0.006594369015	0.01577248545	0.01957493207	0.02640317891	0.01018270339
15.8	0.2041578946	0.7972646128	1.001422507	0.7272916467	0.4461875063	0.005920062728	0.01550442709	0.01957493207	0.02623755456	0.01015071028
15.9	0.2040493357	0.7973731718	1.001422507	0.7271802807	0.4462985132	0.005644081947	0.01506678932	0.01957493207	0.02551726	0.009774650283
16.0	0.2048395203	0.7965829872	1.001422507	0.7277112923	0.4456661183	0.005902869755	0.01439111801	0.01957493207	0.02622370682	0.01077710127
16.1	0.2064751428	0.7949473647	1.001422507	0.7283553832	0.4448911762	0.006542522472	0.01375295682	0.01957493207	0.02647095344	0.01105849651
16.2	0.207877593	0.7935449144	1.001422507	0.7281534663	0.4451326727	0.007163398403	0.01342673521	0.01957493207	0.02634497143	0.01090104732
16.3	0.2082341148	0.7931883927	1.001422507	0.7275725989	0.4458539205	0.007769774332	0.01339249933	0.01957493207	0.02674597549	0.0109304432
16.4	0.2076852088	0.7937372987	1.001422507	0.7269729008	0.4465801965	0.008271042445	0.0137178509	0.01957493207	0.02662843524	0.01066868505
16.5	0.2068640554	0.794558452	1.001422507	0.7266399553	0.4469787764	0.008561187244	0.01437042151	0.01957493207	0.02650210064	0.01064265076
16.6	0.2061897804	0.7952327271	1.001422507	0.7270214129	0.4465362073	0.008645874812	0.0150334125	0.01957493207	0.02721556053	0.01128820773
16.7	0.205923818	0.7954986895	1.001422507	0.7285962427	0.4446309495	0.008581710358	0.0154013828	0.01957493207	0.02776180502	0.01227468274
16.8	0.2059799571	0.7954425503	1.001422507	0.7296969941	0.4432807507	0.008765163765	0.01555733655	0.01957493207	0.02751330476	0.01239631063
16.9	0.2057215026	0.7957010049	1.001422507	0.7304172843	0.4423925399	0.009195724468	0.01545922027	0.01957493207	0.02752229114	0.01294547621
17.0	0.204891423	0.7965310845	1.001422507	0.7309015726	0.4417875189	0.009717396144	0.01492795988	0.01957493207	0.02693086552	0.01251225862
17.1	0.2038129347	0.7976095727	1.001422507	0.7303930389	0.4423798794	0.01020421391	0.01434069303	0.01957493207	0.0260820282	0.01199226179
17.2	0.2025715445	0.798850963	1.001422507	0.7302703729	0.4425366347	0.01046066875	0.01381077455	0.01957493207	0.02607063603	0.01164608144
17.3	0.2014180834	0.8000044241	1.001422507	0.730580629	0.4421759586	0.01033196488	0.01335590281	0.01957493207	0.02621135389	0.01127237404
17.4	0.201010522	0.8004119855	1.001422507	0.73182423	0.4406746079	0.009973862054	0.01312362602	0.01957493207	0.02619699511	0.01080981537
17.5	0.2015282094	0.799894298	1.001422507	0.733233892	0.4389497523	0.00952013803	0.01321570187	0.01957493207	0.02608208624	0.0109657314
17.6	0.2026841921	0.7987383153	1.001422507	0.7340657557	0.4379080487	0.008957848638	0.01365576187	0.01957493207	0.02500777239	0.01005198092
17.7	0.2035870493	0.7978354582	1.001422507	0.7342285401	0.4377204776	0.008236799183	0.01408885622	0.01957493207	0.02511313218	0.009732275158
17.8	0.2036490138	0.7977734937	1.001422507	0.7342485145	0.4377021214	0.007386782826	0.01438253343	0.01957493207	0.02534159644	0.009894688594
17.9	0.2028828233	0.7985396842	1.001422507	0.7331264123	0.4390908433	0.006713998002	0.01451181789	0.01957493207	0.02621152378	0.01074885379
18.0	0.2015642383	0.7998582692	1.001422507	0.7316716857	0.4408838894	0.006497979013	0.01443764465	0.01957493207	0.02677978447	0.01094640686
18.1	0.2002941818	0.8011283257	1.001422507	0.7308569655	0.4418623923	0.006627152445	0.01428741927	0.01957493207	0.02638284837	0.01069987745
18.2	0.1995542984	0.801868209	1.001422507	0.7316509082	0.4408988009	0.007102082781	0.01421904672	0.01957493207	0.02650782573	0.01093043898
18.3	0.1995489589	0.8018735486	1.001422507	0.7334134427	0.4387369813	0.007711771395	0.0142308545	0.01957493207	0.02578795725	0.01016255605
18.4	0.2001612078	0.8012612997	1.001422507	0.7343697425	0.4375310794	0.008377460367	0.01411123212	0.01957493207	0.02473423117	0.009868694863
18.5	0.2009388436	0.8004836639	1.001422507	0.7340078279	0.4379590325	0.009115183423	0.01375154538	0.01957493207	0.02441684231	0.009857330849
18.6	0.2013782887	0.8000442188	1.001422507	0.7344156437	0.4374824612	0.009786558398	0.01319018189	0.01957493207	0.02500484438	0.01003901847
18.7	0.2012008988	0.8002216087	1.001422507	0.734027217	0.43796745	0.01024333434	0.01268670297	0.01957493207	0.02528461122	0.01003366058
18.8	0.2007150229	0.8007074846	1.001422507	0.7347859809	0.4370179505	0.01055819681	0.0124147015	0.01957493207	0.02463246564	0.009845307692
18.9	0.2001270492	0.8012954582	1.001422507	0.7344593022	0.4374146885	0.01086400811	0.0123922645	0.01957493207	0.02477145494	0.0102268753
19.0	0.1999389269	0.8014835806	1.001422507	0.7346595277	0.4371483674	0.01108492843	0.01266551361	0.01957493207	0.02447767978	0.01075787252
19.1	0.2003981127	0.8010243947	1.001422507	0.7355062279	0.4360777572	0.01140238069	0.01284357225	0.01957493207	0.02337249218	0.01039706007
19.2	0.2012567149	0.8001657925	1.001422507	0.7355660648	0.4360278512	0.01181945614	0.01270635963	0.01957493207	0.02367983557	0.009840003334
19.3	0.201876441	0.7995460664	1.001422507	0.7347803373	0.4369813176	0.01207085187	0.01245247566	0.01957493207	0.02409897787	0.01091413729
19.4	0.2021308204	0.799291687	1.001422507	0.7344067357	0.4374621205	0.012114711	0.01211262362	0.01957493207	0.02465006598	0.01076317505
19.5	0.2022014783	0.7992210292	1.001422507	0.7340498427	0.4379196021	0.01178949466	0.01179901718	0.01957493207	0.02517736699	0.01077165083
19.6	0.2018458997	0.7995766078	1.001422507	0.7337304547	0.4383186345	0.01123285648	0.01192902046	0.01957493207	0.02563553389	0.01123067671
19.7	0.2010466405	0.800375867	1.001422507	0.7338902867	0.4381059987	0.01046905779	0.01264627745	0.01957493207	0.02469436409	0.01017678537
19.8	0.1998839362	0.8015385713	1.001422507	0.7336615062	0.4383611268	0.009330244916	0.01376202879	0.01957493207	0.02371266813	0.009375291458
19.9	0.1991940099	0.8022284976	1.001422507	0.733646501	0.438387685	0.008116452264	0.01508232624	0.01957493207	0.02388259008	0.009310368161
20.0	0.1997196067	0.8017029008	1.001422507	0.7329694415	0.4392411596	0.007092472724	0.0161695271	0.01957493207	0.02467400934	0.00953995286
20.1	0.2009784601	0.8004440474	1.001422507	0.7335352061	0.4385644555	0.006439231285	0.0166048004	0.01957493207	0.02535827643	0.01033908566
20.2	0.2022575642	0.7991649432	1.001422507	0.7341320625	0.4378598053	0.006489754712	0.01646300419	0.01957493207	0.02681376494	0.01217151843
20.3	0.2031549837	0.7982675237	1.001422507	0.7337612282	0.4383410238	0.007159045537	0.01603577159	0.01957493207	0.02778589344	0.01283689169
20.4	0.2034352397	0.7979872678	1.001422507	0.7327579217	0.4395719027	0.007835764706	0.01553924818	0.01957493207	0.02821864804	0.01329084986
20.5	0.2033380702	0.7980844372	1.001422507	0.7327424152	0.4395958401	0.0082610104	0.01510984144	0.01957493207	0.02858052039	0.01382765415
20.6	0.2031256904	0.7982968171	1.001422507	0.7333385179	0.4388554895	0.008526143722	0.01485695638	0.01957493207	0.0285298605	0.01429404902
20.7	0.202628931	0.7987935765	1.001422507	0.7334378565	0.4387226471	0.008624801251	0.01505501531	0.01957493207	0.02835670186	0.01444922073
20.8	0.2018542732	0.7995682343	1.001422507	0.7332280833	0.4389688671	0.008665404323	0.01575777703	0.01957493207	0.02730366576	0.01296124065
20.9	0.2013207862	0.8001017213	1.001422507	0.7334887159	0.4386582579	0.008650345441	0.01645430892	0.01957493207	0.02678501549	0.01165043734
21.0	0.2012190656	0.8002034419	1.001422507	0.7349662447	0.436886083	0.008415159269	0.0166900616	0.01957493207	0.02757318519	0.0118919276
21.1	0.2012911433	0.8001313642	1.001422507	0.7360816714	0.4355420055	0.007732516955	0.01653642933	0.01957493207	0.02827806109	0.01255170202
21.2	0.2012936717	0.8001288358	1.001422507	0.7362799685	0.4353087418	0.006997699236	0.01603204411	0.01957493207	0.02872256854	0.01307304235
21.3	0.200800941	0.8006215665	1.001422507	0.7353523176	0.4364540673	0.006551595185	0.01544716651	0.01957493207	0.02932689573	0.01378334614
21.4	0.1993498704	0.802072637	1.001422507	0.7356445439	0.4360997167	0.00612607083	0.01523761681	0.01957493207	0.02918515743	0.01343389632
21.5	0.1973726178	0.8040498897	1.001422507	0.7355721094	0.4361824207	0.00577245861	0.01540855959	0.01957493207	0.02845672294	0.01221511448
21.6	0.1958579556	0.8055645519	1.001422507	0.7357730152	0.4359364064	0.005709596821	0.01600289291	0.01957493207	0.02801190168	0.01124755619
21.7	0.1953601714	0.8060623361	1.001422507	0.7365449054	0.434995835	0.005838632816	0.01681180833	0.01957493207	0.02791058466	0.0108811454
21.8	0.1959716675	0.80545084	1.001422507	0.7363681182	0.4352351417	0.005917625137	0.01758761429	0.01957493207	0.02903581324	0.01224121226
21.9	0.1971953916	0.8042271159	1.001422507	0.7368031096	0.4347129613	0.005575886482	0.01817571949	0.01957493207	0.02951368547	0.01283770894
22.0	0.1990294542	0.8023930533	1.001422507	0.7363857935	0.4352061492	0.005210111621	0.01849037942	0.01957493207	0.02870249874	0.01189278398
22.1	0.2015015157	0.7999209917	1.001422507	0.7370288764	0.434420344	0.005295862519	0.01855610848	0.01957493207	0.02888840398	0.01226773691
22.2	0.2036350311	0.7977874763	1.001422507	0.7363689384	0.4352330386	0.005606150095	0.01851895528	0.01957493207	0.02919156833	0.012635512
22.3	0.2045358273	0.7968866801	1.001422507	0.7349194441	0.4370009382	0.005781606446	0.01842155627	0.01957493207	0.02885815251	0.01208337905
22.4	0.2039855472	0.7974369603	1.001422507	0.7331700117	0.4391349356	0.005774186262	0.01810455747	0.01957493207	0.02874144354	0.01179058751
22.5	0.2025709737	0.7988515338	1.001422507	0.7315069669	0.4411560485	0.005791822818	0.01761419017	0.01957493207	0.0289250137	0.01229800567
22.6	0.2012388786	0.8001836289	1.001422507	0.7317190248	0.4409200557	0.005895623734	0.0170174077	0.01957493207	0.02970422648	0.01295396156
22.7	0.200242383	0.8011801245	1.001422507	0.733045092	0.439319259	0.005875613429	0.01656794653	0.01957493207	0.03045589096	0.0139363873
22.8	0.1995678118	0.8018546956	1.001422507	0.7338307582	0.4383633767	0.005620787765	0.01652248982	0.01957493207	0.03040737303	0.01380801573
22.9	0.1996238892	0.8017986183	1.001422507	0.7340500054	0.4380728687	0.005062218425	0.01683326911	0.01957493207	0.02965753378	0.01328900895
23.0	0.2003478791	0.8010746284	1.001422507	0.7336978173	0.4385060487	0.004392728532	0.01735431874	0.01957493207	0.02982581921	0.01346394655
23.1	0.2013927059	0.8000298016	1.001422507	0.7335184315	0.4387135116	0.003764188179	0.01800909647	0.01957493207	0.02922709627	0.01273116825
23.2	0.2026799586	0.7987425489	1.001422507	0.73307079	0.4392499469	0.003445157659	0.01839141157	0.01957493207	0.02873671791	0.01209950871
23.3	0.2040123641	0.7974101434	1.001422507	0.7318531835	0.4407329698	0.003871616956	0.0182655943	0.01957493207	0.02878584691	0.01213431573
23.4	0.2051093509	0.7963131566	1.001422507	0.7321133755	0.4404416348	0.004775454464	0.01782142908	0.01957493207	0.03000578152	0.01352234498
23.5	0.2054501563	0.7959723511	1.001422507	0.7329824148	0.43941089	0.005523461609	0.01715859897	0.01957493207	0.03127607126	0.01488406497
23.6	0.2047695792	0.7966529283	1.001422507	0.7333849813	0.4389193398	0.005631240897	0.01660936018	0.01957493207	0.03143677131	0.0152376231
23.7	0.2031555198	0.7982669876	1.001422507	0.7328606155	0.4395573896	0.005118222499	0.01671115574	0.01957493207	0.03111776299	0.01463085006
23.8	0.2013350503	0.8000874572	1.001422507	0.7320767503	0.4405123821	0.004461286994	0.01734449647	0.01957493207	0.03124356513	0.01483014469
23.9	0.2001541433	0.8012683641	1.001422507	0.7315882346	0.4411032763	0.004163450765	0.01819358938	0.01957493207	0.03111113367	0.01466913884
24.0	0.1999250715	0.801497436	1.001422507	0.7316188139	0.4410500201	0.004126994249	0.01895619976	0.01957493207	0.03047509883	0.01410827117
24.1	0.2005925222	0.8008299853	1.001422507	0.7318286713	0.4407958704	0.004083901523	0.01931097886	0.01957493207	0.03058364555	0.01425889956
24.2	0.2018487176	0.7995737898	1.001422507	0.731691076	0.4409699516	0.003937562564	0.01925468922	0.01957493207	0.03128976163	0.0152545216
24.3	0.2033141989	0.7981083085	1.001422507	0.7317855475	0.4408707733	0.003821644524	0.01900177558	0.01957493207	0.03185063377	0.01569078224
24.4	0.2050225793	0.7963999282	1.001422507	0.7316322755	0.441057785	0.003599432505	0.01871532851	0.01957493207	0.03164474042	0.0152973926
24.5	0.2065786005	0.794843907	1.001422507	0.7315823869	0.4411260226	0.00334173513	0.01854525544	0.01957493207	0.03192410007	0.01554431976
24.6	0.2069682792	0.7944542283	1.001422507	0.7307574235	0.4421411659	0.003388289107	0.01861418001	0.01957493207	0.03261920935	0.01631266304
24.7	0.2061365168	0.7952859907	1.001422507	0.729602319	0.4435609786	0.003446890364	0.01886836354	0.01957493207	0.03348181646	0.01721530664
24.8	0.2049294383	0.7964930692	1.001422507	0.7283960577	0.4450186693	0.003437822614	0.01934149407	0.01957493207	0.03351558308	0.01740490206
24.9	0.203773988	0.7976485195	1.001422507	0.7289887057	0.4442877143	0.003447611958	0.01992774229	0.01957493207	0.03286593861	0.01675122293
25.0	0.202788623	0.7986338845	1.001422507	0.7283686785	0.4450201419	0.003382816984	0.02042526544	0.01957493207	0.03189185225	0.01572276525
