# (1)t	(2)P_1	(3)P_2	(4)trace	(5)purity	(6)vonNeumann_entropy	(7)P_1 std	(8)P_2 std	(9)trace std	(10)purity std	(11)vonNeumann_entropy std
0.0	8.014395608000001e-20	3.688573444e-19	4.490013004e-19	2.200603734e-19	-0.001649167436	5.510363879000001e-19	6.3967082810000005e-19	9.233026315e-19	1.090637791e-18	0.01568132573
0.25	-9.735408755000001e-20	1.109767914e-19	1.3622703840000002e-20	-1.914869231e-18	-0.001231460813	5.795274883e-19	7.444214262e-19	1.015727919e-18	5.331641969e-18	0.003894221018
0.5	4.416561246e-19	2.587084599e-19	7.003645846e-19	-4.047624702e-18	1.326989121e-17	9.276442449e-19	5.328085765e-19	1.2015268179999999e-18	1.5550204719999998e-17	1.8713201689999998e-17
0.75	1.009268895e-19	-3.4649932530000003e-20	6.627695693000001e-20	2.8787003899999998e-18	1.479320303e-17	9.048829726e-19	4.527696132e-19	1.097058761e-18	1.9866275189999998e-17	4.5259794059999996e-17
1.0	3.757475106e-20	1.5398438950000002e-19	1.915591406e-19	-1.570371729e-18	6.217159954e-18	9.970763346e-19	4.973233863e-19	1.419107595e-18	6.18503868e-18	3.392357665e-17
1.25	5.889716544e-22	2.2884389090000003e-19	2.294328625e-19	-3.972714943e-19	7.036930117e-18	8.373853982000001e-19	5.706358952e-19	7.506038586e-19	5.904456998e-18	3.6826282449999995e-17
1.5	2.889429283e-20	2.5279982070000002e-20	5.4174274900000005e-20	-1.630117121e-19	5.819969507e-18	3.051507302e-19	6.759655718e-19	7.2762976870000005e-19	8.30853754e-19	3.9587169379999995e-17
1.75	-4.6998597170000007e-20	-2.640969024e-19	-3.110954995e-19	-1.78099724e-19	-4.040635091e-18	6.055601405e-19	4.006864401e-19	6.0386500030000005e-19	8.148676215e-19	2.434707398e-17
2.0	2.068392624e-20	4.324621495e-19	4.531460758e-19	1.662814828e-19	4.981704815e-18	4.78202358e-19	8.052207174000001e-19	7.976953437000001e-19	1.646156944e-18	2.456584137e-17
2.25	2.704014237e-19	1.994990951e-19	4.699005187e-19	2.8077686820000003e-19	1.175904995e-18	5.834973226e-19	9.675454259e-19	1.224172002e-18	2.646031798e-18	2.5784858059999997e-17
2.5	-3.892799948e-20	3.685850741e-19	3.2965707460000004e-19	1.136800858e-18	4.534471035e-18	5.362561017e-19	5.136101926e-19	5.7334284480000005e-19	3.499680279e-18	3.387833483e-17
2.75	8.820780884e-21	-1.388959333e-19	-1.300751524e-19	-1.27454328e-18	-3.394488682e-18	4.284292166e-19	9.932647968e-19	1.04582345e-18	3.406552328e-18	1.7650648769999998e-17
3.0	2.3206287860000003e-19	4.0747952260000004e-19	6.395424012e-19	3.2290584e-19	4.199386879e-18	6.232720352e-19	7.157114526000001e-19	8.230626834e-19	3.228533792e-18	2.543449271e-17
3.25	1.5849972740000002e-19	-1.560019542e-20	1.428995319e-19	1.010119199e-18	5.37890398e-18	7.419755342e-19	8.144792442000001e-19	1.3929072589999999e-18	1.768991935e-18	3.406979292e-17
3.5	2.767054198e-19	-4.0255915060000003e-19	-1.258537308e-19	-3.3334524010000003e-19	3.620301114e-18	3.2508496980000004e-19	6.884855734e-19	7.541501712e-19	2.7556285439999998e-18	2.233484185e-17
3.75	1.460758187e-19	-1.19031071e-19	2.7044747680000002e-20	5.292492832e-19	2.084625547e-18	6.505609179e-19	4.56481775e-19	6.172293409000001e-19	2.0389930969999998e-18	8.236569085999999e-18
4.0	1.0154466870000001e-19	2.220291212e-19	3.2357378990000003e-19	-2.190775019e-19	5.848399779e-19	4.347678055e-19	7.615667079000001e-19	9.009432947000001e-19	1.9331987469999998e-18	8.568082192e-18
4.25	-5.553510532e-20	8.018181337e-19	7.462830284e-19	1.5948470539999999e-18	-2.776541383e-18	6.0135570000000005e-19	6.718861023e-19	7.478860991e-19	1.524620337e-18	7.868006694e-18
4.5	2.784075113e-19	2.111695659e-19	4.895770772e-19	2.9452923490000004e-19	-6.946353524e-19	3.657291365e-19	6.762766954e-19	8.66812456e-19	1.433586848e-18	6.565108538e-18
4.75	-1.380526654e-19	-3.124732029e-19	-4.505258683e-19	-1.2080173060000001e-19	-1.222617799e-18	5.277253127e-19	7.349484034000001e-19	6.462245347000001e-19	1.410765021e-18	5.0680830109999996e-18
5.0	8.728602100000001e-20	-1.547526611e-19	-6.746664012000001e-20	-8.138258814000001e-19	-8.193392396e-19	6.265908776000001e-19	6.680176331e-19	1.052974646e-18	1.34201132e-18	5.810133799e-18
5.25	8.253742301000001e-20	-3.475318246e-19	-2.649944015e-19	-4.0659702650000004e-19	1.3089038829999999e-18	6.953479347e-19	8.882339182e-19	1.409630797e-18	2.150729633e-18	5.37582683e-18
5.5	-2.083989465e-20	2.728793211e-19	2.5203942650000003e-19	-3.439048272e-19	-2.42719136e-18	4.539659718e-19	7.914047941000001e-19	9.931703104e-19	1.106141564e-18	9.854805124e-18
5.75	2.4638748480000003e-19	-5.3609275600000005e-20	1.9277820920000001e-19	-4.413716991000001e-19	1.296518858e-18	6.888747377e-19	5.27316471e-19	5.962243877000001e-19	1.640258728e-18	4.573944437e-18
6.0	1.005558636e-19	-1.824324485e-19	-8.187658484e-20	-8.278952244e-20	9.483981472e-19	5.664826912e-19	7.84742172e-19	1.15188284e-18	2.068024828e-18	7.583104238e-18
6.25	2.740332892e-19	3.9562432240000003e-19	6.6965761160000005e-19	1.407531285e-18	-3.0886886140000006e-20	4.756821346e-19	5.655941021e-19	6.150336233e-19	1.936221997e-18	6.581173995e-18
6.5	1.115867377e-19	-1.436305256e-19	-3.2043787910000004e-20	-5.010927790000001e-19	-9.397960671e-19	6.254541507000001e-19	7.106271481000001e-19	9.204946973e-19	8.655977624000001e-19	3.090154373e-18
6.75	5.554824619e-19	-5.912868072000001e-20	4.963537812000001e-19	-5.726284381e-20	4.731467571000001e-19	5.156525986e-19	7.699356975e-19	8.76203261e-19	1.819228353e-18	2.115235293e-18
7.0	-6.169959935e-20	6.205885144e-20	3.592520839e-22	2.003563135e-19	1.261648523e-18	4.550117005e-19	7.699126143e-19	6.25242524e-19	2.18879517e-18	4.4534125709999996e-18
7.25	8.539184781e-20	-1.401392464e-19	-5.474739856000001e-20	-1.241587893e-18	2.120721114e-18	5.823820267e-19	9.756907078000001e-19	1.275182702e-18	2.277217132e-18	5.838145901e-18
7.5	3.595736176e-20	-5.3796320320000006e-20	-1.7838958560000002e-20	6.729261004000001e-20	6.483295258e-19	5.875795983e-19	8.856586852e-19	1.3213042989999999e-18	2.285403715e-18	3.319333756e-18
7.75	2.7518658810000003e-19	5.472319036e-20	3.299097784e-19	5.85423977e-21	4.429428637e-18	7.14998199e-19	6.0957515e-19	8.207644263e-19	2.040927969e-18	8.911724344999999e-18
8.0	-3.329508003e-20	3.474156455e-20	1.446484517e-21	4.3395240770000005e-19	-1.490737025e-18	4.509612284e-19	1.040431654e-18	1.123009958e-18	1.162271308e-18	4.006316711e-18
8.25	-3.053360482e-19	4.694660734e-20	-2.583894409e-19	4.8513379740000007e-20	1.766844207e-18	5.841012487e-19	9.314200514e-19	1.396776602e-18	1.708853415e-18	7.768909964e-18
8.5	-2.643532272e-19	-1.815485357e-19	-4.459017629e-19	-9.379126333e-19	-3.328529995e-18	3.996004808e-19	5.956596441e-19	7.061667667e-19	2.176518681e-18	4.957154109e-18
8.75	-2.13885775e-19	-2.584860121e-19	-4.723717871e-19	-4.123573761e-19	-9.202757711e-19	4.696413286000001e-19	6.6178543520000005e-19	9.23455651e-19	1.868798726e-18	6.202084216e-18
9.0	1.5895826860000003e-20	2.6047732730000004e-20	4.1943559590000006e-20	-3.2441513490000003e-19	4.7762169750000005e-19	4.558798612e-19	7.056126197e-19	8.922437261e-19	1.634506518e-18	2.996748325e-18
9.25	2.284881561e-19	1.904828825e-19	4.189710386e-19	5.691685545e-19	-1.002279236e-18	5.323819892e-19	6.039363107e-19	8.45590151e-19	1.280285761e-18	4.085809835e-18
9.5	1.128530202e-19	-1.211524777e-19	-8.299457516e-21	1.624537792e-19	1.49825984e-18	3.992369358e-19	7.319344172e-19	9.842525765e-19	2.360911028e-18	7.276244894e-18
9.75	5.0818008490000004e-20	1.536639739e-20	6.618440588e-20	1.226277165e-19	2.580773062e-18	5.51303836e-19	7.87027302e-19	7.185085591e-19	1.607394094e-18	5.207965443e-18
10.0	1.685853063e-20	4.867657452e-19	5.036242758e-19	9.483466292e-19	-3.331355487e-18	5.532757398000001e-19	7.385707396000001e-19	8.885475922e-19	1.103803186e-18	4.2252188559999996e-18
10.25	-2.7771682790000002e-19	4.710220602e-19	1.933052323e-19	6.258921126e-19	5.477529594e-19	3.6207526400000003e-19	6.928791780000001e-19	7.989444516000001e-19	1.588766008e-18	4.408854286e-18
10.5	-1.0835806200000001e-19	3.475672644e-21	-1.048823893e-19	-4.628555132e-19	5.55431179e-19	4.1543454330000003e-19	6.663681175e-19	6.959494876e-19	2.171964962e-18	2.898225668e-18
10.75	-1.862300233e-19	2.0578496050000003e-20	-1.6565152720000001e-19	1.255475124e-19	-2.828464353e-18	5.908273485e-19	6.376098787e-19	6.719947485e-19	1.952785108e-18	4.949771132e-18
11.0	-6.389579485000001e-20	7.042886256000001e-20	6.533067713e-21	1.437155573e-18	-3.965855024e-18	5.420149917000001e-19	4.946753686e-19	5.843970005e-19	1.369187884e-18	4.274391189e-18
11.25	-6.080049506e-20	3.440299532e-19	2.8322945810000003e-19	1.6253239689999999e-18	-3.827309497e-19	4.760784127000001e-19	6.762976279e-19	9.378479179e-19	1.447591522e-18	5.378515168e-18
11.5	-6.497227208000001e-20	1.542072439e-19	8.923497182000001e-20	4.12811096e-19	-6.967286423000001e-19	3.521350734e-19	6.224969282000001e-19	6.767353390000001e-19	1.269367542e-18	7.406902171e-18
11.75	4.9935556860000004e-20	-4.1922949800000004e-19	-3.692939411e-19	-1.097236229e-18	9.353956704e-19	4.0914594200000004e-19	8.503809410000001e-19	9.452077594e-19	2.35062949e-18	3.810342342e-18
12.0	-1.362757978e-19	-2.339533461e-19	-3.702291439e-19	-8.460941545e-20	4.568146692e-21	4.500485004e-19	7.121113684e-19	9.601727066e-19	1.854048178e-18	3.19588503e-18
12.25	-7.495398785000001e-20	5.242942599e-19	4.49340272e-19	1.570334531e-18	-1.535791142e-18	6.008092696e-19	3.1807142220000003e-19	7.221265333e-19	8.384547388e-19	2.260549286e-18
12.5	2.05503142e-19	1.023486851e-21	2.0652662890000002e-19	-4.549820555e-19	-2.022346009e-18	3.7129374660000003e-19	8.303680917000001e-19	9.697194595e-19	2.00765279e-18	1.057974055e-17
12.75	-2.758681023e-19	1.218040959e-19	-1.540640064e-19	-4.180427751e-20	-2.488624753e-18	3.838281877e-19	8.48757494e-19	1.064272639e-18	2.998544634e-18	3.924775497e-18
13.0	2.17839476e-19	1.820053236e-19	3.998447996e-19	-2.6802806970000003e-19	-3.9773433490000004e-19	3.9230227150000004e-19	6.6342533e-19	8.715981591e-19	1.827429218e-18	3.801644322e-18
13.25	-2.9952194630000003e-20	2.739365538e-20	-2.55853925e-21	7.312285789e-19	-7.79740866e-19	4.327202048e-19	7.498906458000001e-19	6.830645646e-19	2.103681719e-18	5.303599788e-18
13.5	-1.123037341e-19	1.535797704e-19	4.1276036220000004e-20	3.019654607e-19	6.6498748e-19	5.241569271000001e-19	6.248101777e-19	9.406396485000001e-19	1.728510388e-18	2.942111187e-18
13.75	4.374984465e-20	5.433878987e-20	9.808863452e-20	8.036531392000001e-20	4.429955546000001e-19	5.036922772e-19	6.930661784e-19	9.236550054e-19	1.54316769e-18	5.676946735e-18
14.0	1.072871074e-19	1.622327455e-19	2.6951985290000003e-19	1.804052287e-19	-6.566257318e-19	4.448579788e-19	6.470788519e-19	8.37472784e-19	9.561416834e-19	2.961963495e-18
14.25	1.078145718e-19	-4.9194699490000004e-20	5.861987226000001e-20	1.0387566900000001e-19	-2.6083640139999998e-18	4.713457916e-19	8.269337898e-19	1.035726751e-18	2.078269839e-18	6.919134895e-18
14.5	1.7064784e-19	-3.351091631e-19	-1.6446132310000002e-19	-1.123009381e-19	-8.406656155e-19	4.923137067e-19	1.116639615e-18	1.015044235e-18	1.425754008e-18	4.792269879e-18
14.75	-1.6103243530000002e-20	5.350671552e-20	3.7403472000000004e-20	-3.887030475e-19	8.848059257e-19	5.122080734e-19	5.112329095e-19	4.921916329e-19	1.843443986e-18	2.609871185e-18
15.0	3.800963111e-19	1.137102429e-19	4.938065541e-19	6.21703655e-19	-2.9958067820000003e-19	4.468072044e-19	6.156786064000001e-19	6.824880545000001e-19	2.691658937e-18	4.558750443e-18
15.25	-1.3497481030000002e-19	-4.7532033110000005e-20	-1.825068434e-19	-4.1137372960000006e-20	-2.560329481e-18	3.281487139e-19	6.986129585e-19	8.612023866000001e-19	2.609396366e-18	6.574169216e-18
15.5	2.649921696e-19	-1.562719206e-19	1.08720249e-19	-8.666752828000001e-20	-7.557160303000001e-19	4.669368078e-19	8.221769884e-19	9.948799639e-19	1.823635949e-18	5.6488552239999996e-18
15.75	2.650399973e-21	2.268153359e-19	2.294657359e-19	4.479826383e-19	-1.9704846869999998e-18	4.983845267e-19	7.933009513e-19	8.776538675e-19	2.449844469e-18	5.469568914e-18
16.0	2.0677277030000002e-20	-5.4090067110000005e-20	-3.341279009e-20	8.736969023000001e-20	-9.348479702e-19	4.517460068e-19	8.557062781000001e-19	8.814288243e-19	1.84312028e-18	6.029517967e-18
16.25	3.162080803e-19	1.80534129e-19	4.967422093e-19	7.506515551e-19	1.573426334e-18	4.667309219e-19	8.602229552e-19	7.928192039e-19	2.833084218e-18	2.539206125e-18
16.5	2.713694807e-19	-2.740913491e-20	2.439603458e-19	2.164944295e-19	-1.3508617299999999e-18	4.925955697000001e-19	7.192835218000001e-19	1.155816728e-18	2.0124929839999998e-18	4.687564525e-18
16.75	-2.418833363e-19	3.627388358e-19	1.2085549950000001e-19	5.5086508040000005e-19	9.038147509e-19	5.896980042e-19	1.109082592e-18	1.201457554e-18	3.099855319e-18	6.032220686e-18
17.0	-2.011710026e-20	6.183240565e-20	4.171530539e-20	4.693271453e-19	-2.578548594e-18	5.952399074000001e-19	9.527606573000001e-19	1.330724556e-18	2.462092906e-18	5.701045082e-18
17.25	1.139953712e-19	1.467607401e-21	1.154629786e-19	-2.629746898e-19	1.0863177740000001e-19	4.847281643e-19	8.356012278e-19	7.343527976000001e-19	1.595937437e-18	4.778913207e-18
17.5	1.082204022e-19	-2.757626467e-19	-1.675422445e-19	-2.662786798e-19	2.207409586e-18	5.9311254750000005e-19	7.017074624000001e-19	8.635407242e-19	1.6192701679999999e-18	5.884852281e-18
17.75	-1.095394273e-19	2.012915523e-19	9.175212504000001e-20	-1.01518802e-18	2.3207929939999998e-18	4.446124029e-19	8.47557307e-19	8.740255867e-19	1.802178784e-18	4.862705514e-18
18.0	8.916999592e-21	3.9798389360000003e-19	4.069008932e-19	3.0056289880000004e-19	6.879809285e-19	6.329974864e-19	7.980855899e-19	1.161620752e-18	2.228395453e-18	4.80376247e-18
18.25	-5.586385575e-21	1.5795658020000001e-19	1.523701946e-19	-3.003572159e-19	-1.723972049e-18	4.2004516230000004e-19	7.096731727000001e-19	7.216487512e-19	1.170869757e-18	9.895283679e-18
18.5	-9.035496536e-20	2.2707545970000003e-19	1.3672049430000001e-19	4.930153277e-19	-1.859821334e-18	3.9829255070000004e-19	8.106501690000001e-19	8.640438574000001e-19	1.6216291939999999e-18	5.644719509e-18
18.75	-4.543509293e-20	-1.7223978760000003e-20	-6.265907169e-20	-9.827428324e-19	1.8139738330000002e-20	5.060520907000001e-19	1.035087367e-18	1.229262619e-18	2.938307399e-18	4.13740065e-18
19.0	-5.880827780000001e-20	-2.196237763e-19	-2.784320541e-19	-7.849845532e-19	-2.141613112e-18	4.252073437e-19	8.292502416e-19	9.62608811e-19	2.213030926e-18	7.643116974e-18
19.25	-1.728499224e-19	2.641061266e-19	9.125620419000001e-20	1.094040247e-18	-1.188003102e-18	5.925986272e-19	1.586704466e-18	1.060230287e-18	3.111624857e-18	5.850844305e-18
19.5	1.044090758e-19	-3.6195057e-19	-2.575414942e-19	-5.867040687000001e-19	-9.72888246e-19	5.768331316e-19	7.275108536e-19	9.625686308000001e-19	2.754904145e-18	3.508100181e-18
19.75	2.023081104e-19	3.95968167e-19	5.982762774e-19	2.947020878e-19	2.0483512729999998e-18	3.999655541e-19	6.061935119000001e-19	6.339763229e-19	1.525742485e-18	3.683567314e-18
20.0	5.2932274720000005e-20	1.605279223e-19	2.134601971e-19	2.278120879e-19	3.1452199259999998e-18	5.700550247e-19	7.936993744e-19	1.247597897e-18	1.681218312e-18	1.093405188e-17
20.25	-6.706616294000001e-20	-6.761240602000001e-20	-1.34678569e-19	1.522739779e-19	6.75922189e-19	6.527374458e-19	7.215084959e-19	1.012432763e-18	1.658859742e-18	3.23720937e-18
20.5	7.311194107000001e-20	-1.6284487930000002e-20	5.682745314e-20	-1.9968609200000003e-20	-1.163156819e-18	5.197645178e-19	6.829377292e-19	9.746242068e-19	1.683319675e-18	6.789369328e-18
20.75	-4.636939992e-21	2.525382654e-19	2.479013254e-19	6.249887025e-19	-5.408149659e-18	3.0988460980000003e-19	9.356637295e-19	8.280107532e-19	3.096714972e-18	1.003687438e-17
21.0	-2.3396318440000003e-19	1.7334453880000002e-19	-6.061864555000001e-20	7.2729143390000005e-19	-1.805257175e-18	4.053255008e-19	1.080783222e-18	1.127756483e-18	2.329051202e-18	8.543899879e-18
21.25	-8.624586454e-20	5.493862472000001e-20	-3.130723982e-20	5.342652784e-19	-2.368526449e-18	6.534039861000001e-19	8.537471536e-19	1.020562103e-18	1.8156178769999998e-18	3.98314434e-18
21.5	5.1439802140000004e-20	1.029063377e-19	1.543461398e-19	4.635149013000001e-19	1.325222711e-19	5.707129241e-19	6.701779483000001e-19	1.016256309e-18	2.6870314829999998e-18	3.79803052e-18
21.75	1.251031474e-19	6.09123915e-19	7.342270623000001e-19	1.24960524e-18	-9.830632436e-19	4.786821962e-19	9.497418969e-19	9.841192389e-19	1.881510448e-18	4.932135037e-18
22.0	-5.097001278e-20	8.400425537e-20	3.3034242590000006e-20	5.857894218e-21	-1.3091068519999999e-18	2.842480367e-19	7.617212036e-19	7.200389919000001e-19	2.301080523e-18	7.182303577e-18
22.25	-4.433963369e-21	5.718910317e-19	5.674570683e-19	6.396844237000001e-19	-1.989614754e-18	4.538663044e-19	5.718919339e-19	6.813689990000001e-19	1.934185437e-18	9.230127664e-18
22.5	2.151129616e-19	3.7644216020000003e-19	5.915551218e-19	1.00775542e-18	1.742114401e-18	3.775289638e-19	9.166873991e-19	1.085033493e-18	1.555414121e-18	4.758789819e-18
22.75	8.612780297e-20	1.2104046610000001e-19	2.07168269e-19	5.533654213e-19	-2.00323179e-18	4.674019215e-19	5.58264203e-19	4.114640357e-19	2.314233878e-18	8.176572976e-18
23.0	1.5512417510000002e-19	3.216392471e-19	4.767634221e-19	3.9420735300000003e-19	-2.704639377e-18	3.8188571060000003e-19	6.337654591e-19	5.464607959e-19	1.325147649e-18	6.836605359e-18
23.25	2.023627271e-19	1.16679428e-19	3.190421551e-19	-3.9449251940000004e-19	-1.520585707e-18	5.215740908e-19	8.455644440000001e-19	1.111615556e-18	2.434964124e-18	6.69924502e-18
23.5	5.2377590960000006e-20	1.9122970720000002e-19	2.436072982e-19	4.266336889e-19	4.3196841720000004e-19	5.292246376e-19	6.714150905e-19	7.205706440000001e-19	1.625043782e-18	4.668116816e-18
23.75	5.715860490000001e-20	2.304983071e-19	2.8765691200000003e-19	1.011373842e-18	-7.706971569000001e-19	4.524958328e-19	4.052693185e-19	4.943230419e-19	1.652925166e-18	3.366707724e-18
24.0	1.4772680660000002e-19	-1.28166046e-19	1.9560760550000002e-20	-3.817631302e-19	-9.922407596e-19	7.770584277e-19	9.608075381e-19	9.517983434e-19	1.833226138e-18	3.966779636e-18
24.25	3.851306345e-21	1.8493217610000002e-19	1.8878348240000002e-19	4.87870062e-21	-4.679916763e-19	5.15811927e-19	1.018402747e-18	1.205471526e-18	2.122994115e-18	7.91271128e-18
24.5	3.9793108010000003e-19	-5.770846481000001e-20	3.402226153e-19	5.709058821000001e-19	3.055128492e-19	3.708008121e-19	7.010798094000001e-19	5.527304503000001e-19	1.939568592e-18	5.354490161e-18
24.75	1.786989644e-20	9.996367747e-20	1.178335739e-19	3.18308977e-19	-7.769523215e-19	4.2795919170000003e-19	8.085673767000001e-19	1.101471465e-18	1.28123644e-18	2.956073889e-18
25.0	4.569528959e-19	-1.404085774e-19	3.165443185e-19	2.814971024e-19	2.126198974e-19	4.078320792e-19	1.2864723549999999e-18	1.221084512e-18	2.936697581e-18	5.450128141e-18
