# (1)t	(2)P_1	(3)P_2	(4)trace	(5)purity	(6)vonNeumann_entropy
0.0	1.0	0.0	1.0	1.0	NaN
0.25	0.9400611493	0.05993885073	1.0	0.9748037467	0.06833443082
0.5	0.8032114255	0.1967885745	1.0	0.9185514203	0.175913431
0.75	0.6414461176	0.3585538824	1.0	0.8257115049	0.3172033305
1.0	0.5121894643	0.4878097962	0.9999992605	0.7282189057	0.443297655
1.25	0.4511974244	0.5488009998	0.9999984242	0.6447004685	0.5405043515
1.5	0.4614188761	0.5385788704	0.9999977465	0.5804458488	0.6103901183
1.75	0.5159787374	0.4840184714	0.9999972088	0.5405507973	0.6520275335
2.0	0.5730622629	0.4269345635	0.9999968265	0.5297613477	0.6630809621
2.25	0.5953798175	0.404616856	0.9999966735	0.5425987391	0.6499193962
2.5	0.5655709285	0.4344258953	0.9999968238	0.5635678573	0.6281562341
2.75	0.4914399486	0.5085575831	0.9999975317	0.5795974831	0.6112884802
3.0	0.3998929155	0.6001056059	0.9999985214	0.5882317929	0.6021165271
3.25	0.3232414893	0.6767578691	0.9999993584	0.5929340354	0.5970955003
3.5	0.2845801451	0.715419542	0.9999996872	0.5953875114	0.5944681425
3.75	0.2887338755	0.7112657199	0.9999995955	0.5956152954	0.5942238473
4.0	0.3220449558	0.6779542475	0.9999992033	0.5964409473	0.5933379202
4.25	0.360196628	0.6398017838	0.9999984118	0.6030980723	0.586175294
4.5	0.3798152427	0.6201822277	0.9999974704	0.6180672829	0.5699267855
4.75	0.3684505972	0.6315463927	0.99999699	0.6387760001	0.5471073459
5.0	0.3287705534	0.6712260117	0.9999965651	0.6608549455	0.5223135161
5.25	0.2758003062	0.7241958099	0.9999961161	0.6817177601	0.4984121369
5.5	0.2290907243	0.7709048358	0.9999955601	0.7002596748	0.4767544229
5.75	0.2037592993	0.7962356427	0.9999949421	0.7150893763	0.4591315806
6.0	0.2043968481	0.7955973543	0.9999942024	0.7251070917	0.4470663954
6.25	0.2241594749	0.7758337844	0.9999932592	0.7315152008	0.4392772415
6.5	0.2489218554	0.7510699536	0.999991809	0.7377120503	0.4316899767
6.75	0.2641316433	0.7358588441	0.9999904874	0.7467373666	0.4205421332
7.0	0.2611285484	0.7388606209	0.9999891692	0.759322627	0.4047945954
7.25	0.2402592606	0.7597288655	0.999988126	0.7743124489	0.3857119374
7.5	0.2097632949	0.790224027	0.9999873219	0.7900460636	0.3652719578
7.75	0.1813594638	0.8186272195	0.9999866833	0.8048598073	0.3456105722
8.0	0.1648057388	0.8351802193	0.9999859581	0.8170418666	0.3291137893
8.25	0.1638693934	0.8361156415	0.9999850349	0.8254535027	0.3175368365
8.5	0.1753127816	0.8246710584	0.99998384	0.8305138133	0.3104943007
8.75	0.1910232903	0.8089591336	0.999982424	0.8341826651	0.3053498217
9.0	0.202026118	0.7979547843	0.9999809023	0.8386961199	0.2989767601
9.25	0.2024479516	0.7975315453	0.999979497	0.8452816601	0.2895878627
9.5	0.1917241846	0.8082539909	0.9999781754	0.8538764181	0.2771643764
9.75	0.1742787181	0.8256981085	0.9999768266	0.8635720218	0.2629025876
10.0	0.1570766335	0.8428989048	0.9999755383	0.8730680254	0.248660861
10.25	0.146321308	0.8536530804	0.9999743884	0.8810221859	0.2365064312
10.5	0.1448673698	0.8551058375	0.9999732072	0.8865352482	0.2279524864
10.75	0.15132573	0.8486459535	0.9999716835	0.8896853492	0.2230132115
11.0	0.1611066484	0.8388634316	0.99997008	0.8915445004	0.2200790194
11.25	0.1687305403	0.8312379449	0.9999684852	0.8935446239	0.2169075971
11.5	0.1702900655	0.8296769041	0.9999669696	0.8967043993	0.2118670349
11.75	0.1649700969	0.834995465	0.9999655619	0.9012678574	0.2045163856
12.0	0.1550723709	0.8448918513	0.9999642222	0.9067927393	0.1954975362
12.25	0.1446871521	0.8552757688	0.9999629209	0.9124286643	0.1861533054
12.5	0.1377321558	0.8622294503	0.9999616061	0.9172402798	0.1780523172
12.75	0.1362688781	0.8636895566	0.9999584347	0.920581498	0.1723510039
13.0	0.1398143464	0.8601413455	0.9999556919	0.9223987049	0.16922231
13.25	0.1458023619	0.8541505428	0.9999529046	0.9232652821	0.1677203105
13.5	0.1509167253	0.8490333753	0.9999501006	0.9240497712	0.1663562079
13.75	0.1526008548	0.8473464665	0.9999473213	0.9254667265	0.1638886994
14.0	0.1500815744	0.8498630608	0.9999446351	0.9277899814	0.1598217278
14.25	0.1445137079	0.8554284041	0.9999421119	0.9308247592	0.1544619721
14.5	0.138275586	0.861664183	0.999939769	0.9340558991	0.1486917485
14.75	0.1338097246	0.8661278265	0.9999375511	0.9368767094	0.1435967593
15.0	0.1325578473	0.867377525	0.9999353723	0.9388424553	0.1400116533
15.25	0.1344409331	0.8654922404	0.9999331734	0.9398654039	0.1381321787
15.5	0.1380519892	0.8618789617	0.9999309509	0.9402422956	0.1374340884
15.75	0.1413973428	0.8585316335	0.9999289763	0.9404968834	0.136960691
16.0	0.1428371379	0.8570898195	0.9999269573	0.9410806467	0.1358798535
16.25	0.1417367082	0.8581882261	0.9999249343	0.9422208983	0.1337661661
16.5	0.1386426717	0.8612802429	0.9999229146	0.9438467063	0.1307371694
16.75	0.1349199006	0.8650010099	0.9999209105	0.9456621696	0.1273304937
17.0	0.1320755304	0.8678435366	0.9999190671	0.947288349	0.1242557288
17.25	0.1310853918	0.8688310415	0.9999164332	0.9484356557	0.1220691942
17.5	0.1320402115	0.867874687	0.9999148985	0.9490130437	0.1209638677
17.75	0.1341790345	0.8657320018	0.9999110363	0.9491701707	0.1206530884
18.0	0.1363282406	0.8635789571	0.9999071977	0.9492002483	0.1205850493
18.25	0.1374389398	0.8624646407	0.9999035805	0.9493985418	0.1201958921
18.5	0.1370303844	0.8628697993	0.9999001837	0.9499315593	0.1191654369
18.75	0.1353365943	0.8645604539	0.9998970482	0.9507854977	0.1175154824
19.0	0.1331295533	0.8667643263	0.9998938796	0.9517955287	0.1155566596
19.25	0.1313287129	0.8685617296	0.9998904424	0.9527307088	0.1137329361
19.5	0.1305871955	0.8692993344	0.9998865299	0.9533983045	0.1124217071
19.75	0.1310368285	0.8688451964	0.9998820249	0.9537257783	0.1117695498
20.0	0.1322870742	0.8675903519	0.9998774261	0.9537788488	0.1116527659
20.25	0.1336452657	0.8662280249	0.9998732907	0.9537325959	0.1117314228
20.5	0.1344512736	0.8654185439	0.9998698175	0.9537702666	0.1116479266
20.75	0.1343580847	0.8655088589	0.9998669436	0.9540065362	0.1111776126
21.0	0.1334478213	0.866416693	0.9998645143	0.9544488319	0.1103040503
21.25	0.1321502552	0.8677119367	0.9998621919	0.9550085277	0.1091979023
21.5	0.1310201289	0.8688394166	0.9998595455	0.955546665	0.1081301294
21.75	0.1304853386	0.8693711672	0.9998565058	0.9559380793	0.1073483632
22.0	0.1306744573	0.8691789026	0.9998533599	0.9561248638	0.1069698223
22.25	0.1313942409	0.8684564815	0.9998507224	0.9561383809	0.1069354435
22.5	0.1322400417	0.8676068829	0.9998469246	0.9560810666	0.1070378806
22.75	0.1328015288	0.8670417285	0.9998432573	0.956063841	0.1070613609
23.0	0.1328358505	0.8670040316	0.999839882	0.9561645873	0.1068522124
23.25	0.1323547886	0.8674818527	0.9998366413	0.9563966947	0.1063830438
23.5	0.131592864	0.8682405094	0.9998333734	0.9567115876	0.1057488604
23.75	0.130882924	0.868947	0.999829924	0.9570258691	0.1051142705
24.0	0.1305019975	0.8693242512	0.9998262487	0.9572608926	0.1046358
24.25	0.1305577146	0.8692648523	0.9998225669	0.9573763236	0.1043950882
24.5	0.1309605423	0.8688588689	0.9998194112	0.957382993	0.1043725786
24.75	0.1314839076	0.868333108	0.9998170157	0.9573301418	0.1044709014
25.0	0.1318667459	0.8679464401	0.999813186	0.9572957208	0.1045282981
