# (1)t	(2)P_1	(3)P_2	(4)trace	(5)purity	(6)vonNeumann_entropy	(7)P_1 std	(8)P_2 std	(9)trace std	(10)purity std	(11)vonNeumann_entropy std
0.0	1.016495532	0.001653469354	1.018149002	1.034698524	-0.01475673646	0.01883185807	0.01303977625	0.0273524442	0.03820663105	0.04846846475
0.1	1.005643423	0.01250557895	1.018149002	1.033910733	-0.0129885879	0.01928334048	0.01444319101	0.0273524442	0.03836147728	0.04925433664
0.2	0.9761382047	0.04201079677	1.018149002	1.027526443	0.002193189862	0.01966697106	0.01588258737	0.0273524442	0.03921881031	0.05071256004
0.3	0.930978393	0.08717060847	1.018149002	1.008450486	0.04877396593	0.01954091412	0.01706949911	0.0273524442	0.04064074664	0.04817729326
0.4	0.8740794858	0.1440695157	1.018149002	0.9728589299	0.1227691015	0.01874756274	0.01778920638	0.0273524442	0.04140863305	0.03971528075
0.5	0.809691843	0.2084571585	1.018149002	0.920829768	0.2099083996	0.01756821597	0.0181303085	0.0273524442	0.03980929668	0.03292723953
0.6	0.7421013115	0.27604769	1.018149002	0.8561431766	0.3038255959	0.016369975	0.01829479537	0.0273524442	0.03703991871	0.02546429798
0.7	0.6752477504	0.3429012511	1.018149002	0.7861182246	0.3947959598	0.01521105878	0.01838030195	0.0273524442	0.03445849962	0.01968756474
0.8	0.612419158	0.4057298435	1.018149002	0.7185842432	0.4753220593	0.01420288616	0.01824246675	0.0273524442	0.03037902519	0.01414311219
0.9	0.5560517717	0.4620972299	1.018149002	0.6604178164	0.5404143086	0.0137692052	0.0177274623	0.0273524442	0.02621976008	0.009664709708
1.0	0.5076247149	0.5105242867	1.018149002	0.6158999161	0.5880736508	0.01419002819	0.01693171827	0.0273524442	0.0251849418	0.01058933887
1.1	0.4677703228	0.5503786787	1.018149002	0.5852260401	0.6199840408	0.01551232198	0.01625438431	0.0273524442	0.02577282169	0.01228840178
1.2	0.4366762297	0.5814727718	1.018149002	0.5654195487	0.6402408513	0.01764578457	0.01622850942	0.0273524442	0.02647947077	0.01261957089
1.3	0.4143322579	0.6038167436	1.018149002	0.5538489776	0.6519773405	0.02012632367	0.01718512165	0.0273524442	0.02731837177	0.01222258952
1.4	0.4002788158	0.6178701857	1.018149002	0.5486255637	0.6572623131	0.02225976536	0.01891170479	0.0273524442	0.02782646258	0.01157274939
1.5	0.3935372105	0.624611791	1.018149002	0.5471440344	0.6587596206	0.02370511563	0.02073793275	0.0273524442	0.0278060711	0.01100617167
1.6	0.3930215271	0.6251274744	1.018149002	0.5470653129	0.658842161	0.02455644099	0.02213599448	0.0273524442	0.02785812642	0.01093577208
1.7	0.3977996732	0.6203493283	1.018149002	0.5471793495	0.6587303612	0.02492115612	0.02296846056	0.0273524442	0.02807798617	0.01122551484
1.8	0.4069913997	0.6111576018	1.018149002	0.5468898894	0.6590181554	0.02483437145	0.02335218863	0.0273524442	0.02808094486	0.0113162996
1.9	0.4196183825	0.598530619	1.018149002	0.5457309045	0.6601765396	0.02439055547	0.02349915477	0.0273524442	0.02791341402	0.01109392237
2.0	0.4345211773	0.5836278242	1.018149002	0.5433602463	0.6625532979	0.02378821837	0.02357391938	0.0273524442	0.02792966528	0.01086501581
2.1	0.4504305443	0.5677184572	1.018149002	0.5397729413	0.6661511086	0.02333962658	0.0236295717	0.0273524442	0.02829997014	0.01080021884
2.2	0.4662173499	0.5519316516	1.018149002	0.5355907917	0.6703354068	0.02328165198	0.02358355267	0.0273524442	0.02877912871	0.0107950535
2.3	0.4810898236	0.5370591779	1.018149002	0.5316621256	0.6742469571	0.02348610915	0.02334148648	0.0273524442	0.0288764352	0.01049911915
2.4	0.4945579612	0.5235910403	1.018149002	0.5282910207	0.6775874702	0.0235540366	0.02286527826	0.0273524442	0.02868288164	0.01004116656
2.5	0.5063179735	0.511831028	1.018149002	0.5256892759	0.6801573193	0.0232204477	0.02215216901	0.0273524442	0.02848753779	0.009729775344
2.6	0.5162384986	0.501910503	1.018149002	0.5239666768	0.6818563482	0.02256167806	0.02135326653	0.0273524442	0.02839334159	0.009586592659
2.7	0.5243762593	0.4937727422	1.018149002	0.5230143283	0.6827955469	0.02198685118	0.02086633843	0.0273524442	0.02838707059	0.009563997674
2.8	0.5309011558	0.4872478457	1.018149002	0.5224805191	0.6833193107	0.0219632614	0.02107191642	0.0273524442	0.02826184315	0.00942445122
2.9	0.535816986	0.4823320155	1.018149002	0.5220531402	0.6837345452	0.02255970984	0.021957754	0.0273524442	0.0279799712	0.009133236541
3.0	0.53891587	0.4792331315	1.018149002	0.5217658058	0.6840129838	0.02327976036	0.02315732567	0.0273524442	0.02777917138	0.008943854504
3.1	0.5401433689	0.4780056326	1.018149002	0.5216791642	0.6840975208	0.02351481623	0.02423629637	0.0273524442	0.02775994624	0.008943390544
3.2	0.5397359486	0.4784130529	1.018149002	0.5216727391	0.6841038136	0.02293278888	0.02479076111	0.0273524442	0.02775589054	0.00893549385
3.3	0.5379662025	0.480182799	1.018149002	0.5217685249	0.6840065781	0.02154030492	0.02455876846	0.0273524442	0.02760016985	0.008743004333
3.4	0.5350820773	0.4830669242	1.018149002	0.5218603929	0.6839089305	0.01980346062	0.02352862893	0.0273524442	0.02726285115	0.008363628148
3.5	0.5313569554	0.4867920461	1.018149002	0.5216933104	0.6840676348	0.01840368916	0.02184789854	0.0273524442	0.02699638099	0.008074027731
3.6	0.5272545646	0.4908944369	1.018149002	0.5211987113	0.6845579885	0.01770767146	0.01983660062	0.0273524442	0.02713289406	0.008221944289
3.7	0.5232789057	0.4948700958	1.018149002	0.5207235242	0.6850339243	0.01763645621	0.01785445904	0.0273524442	0.02747068574	0.008567328924
3.8	0.5195641647	0.4985848368	1.018149002	0.520380281	0.6853758437	0.01798048873	0.01621970507	0.0273524442	0.02763041392	0.008713963575
3.9	0.5159929338	0.5021560677	1.018149002	0.520079554	0.6856704627	0.01869653164	0.01507441017	0.0273524442	0.02755523338	0.008613405713
4.0	0.512521141	0.5056278606	1.018149002	0.5199038074	0.6858422254	0.01977821724	0.01421676	0.0273524442	0.02748812261	0.008522189482
4.1	0.5091577562	0.5089912453	1.018149002	0.5198708108	0.6858734345	0.02095570611	0.0132445164	0.0273524442	0.02742798187	0.008453099319
4.2	0.5059741692	0.5121748323	1.018149002	0.519964641	0.6857788758	0.02193786986	0.01207171899	0.0273524442	0.02734336867	0.008382703888
4.3	0.5031390744	0.5150099271	1.018149002	0.520029218	0.6857155897	0.02272538736	0.01125234481	0.0273524442	0.02735794824	0.008405201232
4.4	0.5008063466	0.5173426549	1.018149002	0.519992633	0.6857540224	0.02341981572	0.01131059525	0.0273524442	0.02745487613	0.008498561851
4.5	0.4990897616	0.5190592399	1.018149002	0.519976717	0.6857724055	0.02388071321	0.01210077956	0.0273524442	0.02756446458	0.008602263063
4.6	0.4980679472	0.5200810544	1.018149002	0.5200555951	0.685694489	0.02383583502	0.0133552981	0.0273524442	0.0275568961	0.008593739872
4.7	0.4977277441	0.5204212575	1.018149002	0.5202496734	0.6855019617	0.02317147518	0.01517114967	0.0273524442	0.02750446059	0.008544416608
4.8	0.4978916004	0.5202574011	1.018149002	0.5203832503	0.6853690429	0.0220275248	0.01766214283	0.0273524442	0.02746116163	0.008512957284
4.9	0.4983847005	0.519764301	1.018149002	0.5204012179	0.6853494484	0.02074347077	0.02037729457	0.0273524442	0.02738606549	0.008443532896
5.0	0.4992908044	0.5188581971	1.018149002	0.5204088365	0.6853437598	0.0195630961	0.02265625433	0.0273524442	0.02745140981	0.00850398189
5.1	0.500765869	0.5173831325	1.018149002	0.5205520139	0.6852104067	0.01846130682	0.02424836283	0.0273524442	0.02777657604	0.008844407744
5.2	0.5026443601	0.5155046414	1.018149002	0.5206824314	0.6850877461	0.01729572926	0.02529531913	0.0273524442	0.02804365165	0.009143009948
5.3	0.5046682328	0.5134807687	1.018149002	0.5206974838	0.6850761299	0.01603790995	0.02577747153	0.0273524442	0.02817384579	0.00926664548
5.4	0.5067103923	0.5114386092	1.018149002	0.5207469342	0.6850337512	0.01486486669	0.02546704208	0.0273524442	0.02840806465	0.009459105388
5.5	0.5085804154	0.5095685861	1.018149002	0.5207521209	0.6850331624	0.01427201615	0.02441500391	0.0273524442	0.02857148549	0.009587922432
5.6	0.510155712	0.5079932895	1.018149002	0.5205955244	0.6851855977	0.01473127282	0.02299538349	0.0273524442	0.02847782262	0.009474060233
5.7	0.5114628791	0.5066861224	1.018149002	0.5203535801	0.6854205623	0.01606009625	0.02156300874	0.0273524442	0.02833705444	0.009327999127
5.8	0.5126243131	0.5055246884	1.018149002	0.5201985356	0.6855709704	0.01757898737	0.02022588164	0.0273524442	0.02824788477	0.009241400188
5.9	0.5137716139	0.5043773876	1.018149002	0.5200246905	0.685740294	0.01857363591	0.01906002316	0.0273524442	0.02817722658	0.009176434339
6.0	0.5148624132	0.5032865883	1.018149002	0.5198163756	0.6859409832	0.01864451263	0.01825951413	0.0273524442	0.02800409558	0.009015070962
6.1	0.5157459462	0.5024030553	1.018149002	0.5196741083	0.6860758351	0.01799415876	0.01786982608	0.0273524442	0.02780013034	0.008826932587
6.2	0.5161498533	0.5019991482	1.018149002	0.5196167364	0.6861292071	0.01706327976	0.01771935456	0.0273524442	0.02768391176	0.008727686644
6.3	0.5158151261	0.5023338754	1.018149002	0.5196518765	0.6860947583	0.01598477666	0.01763045085	0.0273524442	0.02769404733	0.008743238757
6.4	0.5148104613	0.5033385402	1.018149002	0.5198083367	0.685944058	0.01478041065	0.0177174008	0.0273524442	0.02783084161	0.008876082775
6.5	0.5134212143	0.5047277872	1.018149002	0.5199859416	0.6857746888	0.01367850485	0.01832336903	0.0273524442	0.02805755434	0.009094897151
6.6	0.5119770947	0.5061719068	1.018149002	0.5199434428	0.6858197967	0.01308560348	0.019561438	0.0273524442	0.02818897595	0.009215522046
6.7	0.5108248955	0.507324106	1.018149002	0.5197446743	0.6860142755	0.01310797272	0.02117026827	0.0273524442	0.02813091962	0.009151965714
6.8	0.5101960588	0.5079529427	1.018149002	0.5196268143	0.6861281375	0.0134927003	0.02264685003	0.0273524442	0.02803513693	0.009056843609
6.9	0.5101797473	0.5079692542	1.018149002	0.5196680206	0.6860867766	0.01402832575	0.0234004454	0.0273524442	0.02799810435	0.009022739845
7.0	0.5107801976	0.5073688039	1.018149002	0.5197922347	0.6859640867	0.01470212168	0.0232308631	0.0273524442	0.02798779577	0.009028788067
7.1	0.5118717688	0.5062772327	1.018149002	0.5198269075	0.6859300594	0.01548985608	0.02262347905	0.0273524442	0.02798961809	0.009031210685
7.2	0.5131944338	0.5049545677	1.018149002	0.5197473574	0.6860080685	0.01614965831	0.02220126916	0.0273524442	0.02796741806	0.008997131711
7.3	0.5144710131	0.5036779884	1.018149002	0.5196572317	0.6860960936	0.01653511058	0.0220529839	0.0273524442	0.02793916327	0.008965501437
7.4	0.51548141	0.5026675915	1.018149002	0.519674664	0.6860805333	0.01670629193	0.02185207771	0.0273524442	0.02801365821	0.009040375974
7.5	0.5160718945	0.502077107	1.018149002	0.5197539857	0.6860060485	0.01676490916	0.02140329805	0.0273524442	0.02817223689	0.009197944539
7.6	0.5162474338	0.5019015677	1.018149002	0.5197812884	0.6859825605	0.01673837072	0.02081797801	0.0273524442	0.02832031072	0.009343617204
7.7	0.5162535364	0.5018954651	1.018149002	0.5198006854	0.6859665251	0.01663771491	0.02023343893	0.0273524442	0.02845294578	0.009473915298
7.8	0.5162677224	0.5018812791	1.018149002	0.5198344879	0.6859355744	0.01657620535	0.01959738111	0.0273524442	0.02854627379	0.009560789666
7.9	0.516234318	0.5019146835	1.018149002	0.5197993594	0.6859695969	0.01669678589	0.01877719591	0.0273524442	0.02851225144	0.009521239998
8.0	0.5159306221	0.5022183794	1.018149002	0.5197471939	0.6860179962	0.01699458853	0.01768509549	0.0273524442	0.02837800119	0.009388134692
8.1	0.5151957964	0.5029532051	1.018149002	0.5197242361	0.6860369625	0.01753611974	0.01647539912	0.0273524442	0.02822933905	0.009256623299
8.2	0.5141120938	0.5040369077	1.018149002	0.5196732913	0.6860842695	0.01835399243	0.01545388635	0.0273524442	0.02812721593	0.009178583459
8.3	0.5128379529	0.5053110486	1.018149002	0.5195484983	0.6862068094	0.01918794908	0.01483997702	0.0273524442	0.02811982023	0.009169108896
8.4	0.5115067479	0.5066422536	1.018149002	0.5194640732	0.6862926639	0.01963604346	0.01454566055	0.0273524442	0.02823207555	0.009265531964
8.5	0.5103942595	0.507754742	1.018149002	0.5195175835	0.6862438396	0.01933181581	0.01447243655	0.0273524442	0.02838755073	0.00940424019
8.6	0.5097484685	0.508400533	1.018149002	0.5196182049	0.686145347	0.01822423324	0.01489477437	0.0273524442	0.02840701265	0.009416455803
8.7	0.5095883975	0.508560604	1.018149002	0.5196417098	0.6861196673	0.01672647915	0.01604312867	0.0273524442	0.02829620275	0.009305048565
8.8	0.5097188393	0.5084301623	1.018149002	0.519573996	0.6861834274	0.01526256147	0.01760720055	0.0273524442	0.02817400076	0.009188452521
8.9	0.509858941	0.5082900605	1.018149002	0.5194918591	0.6862618507	0.01379916114	0.01914343541	0.0273524442	0.02807656924	0.009099337816
9.0	0.5098422482	0.5083067534	1.018149002	0.5194411134	0.6863092919	0.0121338009	0.02051294237	0.0273524442	0.02797108658	0.008995711818
9.1	0.5096500456	0.5084989559	1.018149002	0.519357356	0.6863898426	0.01051209906	0.02162895197	0.0273524442	0.02788994508	0.008912405108
9.2	0.5094195554	0.5087294461	1.018149002	0.5192876538	0.6864580884	0.009534978389	0.02232293154	0.0273524442	0.02787600649	0.008897234013
9.3	0.5093218996	0.5088271019	1.018149002	0.519297256	0.6864497207	0.009276816156	0.02253675652	0.0273524442	0.02792443619	0.008946315643
9.4	0.5094984606	0.5086505409	1.018149002	0.5193002727	0.6864498609	0.009379132929	0.0223770552	0.0273524442	0.02806105767	0.00908358753
9.5	0.5099955174	0.5081534841	1.018149002	0.5192234225	0.6865269673	0.009657462715	0.02195475658	0.0273524442	0.02812757915	0.009150073487
9.6	0.5107529392	0.5073960623	1.018149002	0.5191621909	0.6865856174	0.01011832152	0.02139919645	0.0273524442	0.02806129216	0.009086398603
9.7	0.5116118491	0.5065371524	1.018149002	0.5191615842	0.6865819833	0.01070149938	0.02080985124	0.0273524442	0.02787950408	0.00890515271
9.8	0.5121705381	0.5059784634	1.018149002	0.519191537	0.6865463121	0.01131386602	0.020268297	0.0273524442	0.02761561614	0.008643880519
9.9	0.5121022078	0.5060467937	1.018149002	0.5193166733	0.6864203539	0.01202474215	0.01971337056	0.0273524442	0.02749523497	0.008526879693
10.0	0.5115888252	0.5065601763	1.018149002	0.519521949	0.6862191389	0.01328310489	0.01885237899	0.0273524442	0.02752355646	0.008554641391
10.1	0.5111131802	0.5070358213	1.018149002	0.5197389186	0.6860093453	0.01553237694	0.01752141241	0.0273524442	0.02767584315	0.008700798948
10.2	0.5109287489	0.5072202526	1.018149002	0.5197949233	0.6859576604	0.01855216321	0.01609753554	0.0273524442	0.02781918068	0.00883756671
10.3	0.5108869345	0.507262067	1.018149002	0.5196962523	0.6860550345	0.02160960677	0.01516780854	0.0273524442	0.02783065574	0.008848425524
10.4	0.5108033392	0.5073456623	1.018149002	0.5196407876	0.6861081649	0.02404668232	0.01488331668	0.0273524442	0.02777438975	0.008798740363
10.5	0.5106539073	0.5074950942	1.018149002	0.5197324409	0.6860160631	0.02563529954	0.01502171179	0.0273524442	0.02770228259	0.008736232257
10.6	0.510451271	0.5076977305	1.018149002	0.5198538587	0.6858970746	0.02652015623	0.01520962001	0.0273524442	0.02772345484	0.008758296349
10.7	0.5102498435	0.507899158	1.018149002	0.5199197725	0.6858334766	0.02694881563	0.01512866653	0.0273524442	0.02776705642	0.008790220514
10.8	0.5100738008	0.5080752007	1.018149002	0.5199732751	0.6857816	0.02714459257	0.0149492081	0.0273524442	0.02778914078	0.008798753809
10.9	0.5098226801	0.5083263214	1.018149002	0.5199876865	0.6857694297	0.02732524119	0.0151606284	0.0273524442	0.02787486495	0.00888321137
11.0	0.5094042472	0.5087447543	1.018149002	0.5198906269	0.6858675761	0.02744482647	0.01580854611	0.0273524442	0.02800302635	0.009022871249
11.1	0.5088677188	0.5092812827	1.018149002	0.5197632332	0.6859935915	0.02717036321	0.01638473463	0.0273524442	0.0280451372	0.009074942343
11.2	0.508434942	0.5097140595	1.018149002	0.5196093364	0.6861422086	0.02646904459	0.01662411049	0.0273524442	0.02792087295	0.008950100487
11.3	0.5083820074	0.5097669941	1.018149002	0.5194567702	0.6862884774	0.02557100317	0.0166699084	0.0273524442	0.02775142861	0.008779506152
11.4	0.5088235578	0.5093254437	1.018149002	0.5194362632	0.6863075937	0.02447753724	0.01663941656	0.0273524442	0.02770640777	0.008735196134
11.5	0.509621114	0.5085278875	1.018149002	0.5194844802	0.6862612954	0.02320876737	0.01658023006	0.0273524442	0.02775946152	0.008792244144
11.6	0.5104472814	0.5077017201	1.018149002	0.5194618275	0.686284423	0.02197932442	0.01660966092	0.0273524442	0.02780089409	0.008838080597
11.7	0.5111529651	0.5069960364	1.018149002	0.5194070427	0.6863401547	0.0211533437	0.01683520252	0.0273524442	0.02787410139	0.008906981795
11.8	0.5118839873	0.5062650142	1.018149002	0.5194271844	0.686324515	0.02103526356	0.01716845887	0.0273524442	0.02804087901	0.009065473432
11.9	0.5125546303	0.5055943712	1.018149002	0.5195318517	0.6862253553	0.02148930137	0.01731686366	0.0273524442	0.02819479919	0.009212207545
12.0	0.5126956295	0.505453372	1.018149002	0.5196754684	0.6860841279	0.02208371041	0.01700500709	0.0273524442	0.02819512979	0.00921131451
12.1	0.5119542578	0.5061947438	1.018149002	0.5198349336	0.6859257332	0.0224881675	0.01636437785	0.0273524442	0.02813205577	0.009149064101
12.2	0.5103715349	0.5077774666	1.018149002	0.5199416642	0.6858231549	0.02255008393	0.01591749206	0.0273524442	0.02823509633	0.009246733825
12.3	0.508362541	0.5097864605	1.018149002	0.5199702943	0.6857997586	0.02237330095	0.01602547319	0.0273524442	0.02843861248	0.00944319841
12.4	0.5064875117	0.5116614898	1.018149002	0.5199089481	0.6858624858	0.02221808795	0.01660572527	0.0273524442	0.0285383485	0.009537817424
12.5	0.5050616303	0.5130873712	1.018149002	0.5198505555	0.6859204478	0.02199762827	0.01733635519	0.0273524442	0.02856477048	0.009566348163
12.6	0.5040821826	0.5140668189	1.018149002	0.5198441988	0.6859254118	0.02147814228	0.01797475686	0.0273524442	0.02851639214	0.009522355902
12.7	0.5034462193	0.5147027822	1.018149002	0.5199774929	0.6857927725	0.02082369632	0.01846762495	0.0273524442	0.0284551203	0.009461318793
12.8	0.5031851477	0.5149638538	1.018149002	0.5201416207	0.6856285433	0.02058344436	0.01898414362	0.0273524442	0.02833474718	0.009338319286
12.9	0.5033096106	0.5148393909	1.018149002	0.5201364274	0.6856296733	0.02107859648	0.01967484396	0.0273524442	0.02816150885	0.009168783857
13.0	0.5035907664	0.5145582351	1.018149002	0.5199923445	0.6857682129	0.02214032192	0.0205941166	0.0273524442	0.02802458384	0.009040877095
13.1	0.5038475846	0.514301417	1.018149002	0.5198357101	0.6859215671	0.02342714846	0.02170386257	0.0273524442	0.02799497389	0.009017648596
13.2	0.5042252435	0.513923758	1.018149002	0.5197743136	0.6859832313	0.02467508619	0.02274038091	0.0273524442	0.02805205847	0.009079706724
13.3	0.5048850391	0.5132639624	1.018149002	0.5198123657	0.6859474282	0.0256794957	0.02335548242	0.0273524442	0.02812277118	0.009152248723
13.4	0.5057180236	0.5124309779	1.018149002	0.5198552924	0.6859045911	0.02601748108	0.02323946067	0.0273524442	0.0280998827	0.00913097171
13.5	0.5065722509	0.5115767506	1.018149002	0.5199645894	0.6857948537	0.02514815048	0.02216330302	0.0273524442	0.0280179673	0.009058912697
13.6	0.507496587	0.5106524145	1.018149002	0.5200879037	0.6856758064	0.02304487593	0.02033024959	0.0273524442	0.02811481682	0.009153261513
13.7	0.5085666121	0.5095823894	1.018149002	0.5200918295	0.6856765185	0.020508725	0.01847483784	0.0273524442	0.02828825085	0.00930527612
13.8	0.5097021131	0.5084468885	1.018149002	0.5199475642	0.6858190791	0.01869980086	0.01730069387	0.0273524442	0.02829947953	0.009304870378
13.9	0.5107255562	0.5074234453	1.018149002	0.5196338982	0.6861250284	0.01818853149	0.0170616355	0.0273524442	0.02818469119	0.009192867455
14.0	0.5114413878	0.5067076137	1.018149002	0.5193701645	0.6863826444	0.01858465516	0.0174097877	0.0273524442	0.02811302382	0.009131191126
14.1	0.5117529977	0.5063960038	1.018149002	0.5192753163	0.6864738104	0.01928395216	0.01774551399	0.0273524442	0.02802467284	0.009047091681
14.2	0.5117456582	0.5064033433	1.018149002	0.5192604842	0.6864859791	0.01995702921	0.01773229508	0.0273524442	0.02792266141	0.008945295846
14.3	0.5116208545	0.506528147	1.018149002	0.5193129887	0.686433639	0.02042058977	0.01735603766	0.0273524442	0.02789540905	0.00891847982
14.4	0.511689741	0.5064592605	1.018149002	0.519347103	0.686400681	0.02065742955	0.01679626577	0.0273524442	0.02792206914	0.008946290651
14.5	0.5120709829	0.5060780186	1.018149002	0.5192898176	0.6864561632	0.02068223793	0.01637037035	0.0273524442	0.02788680995	0.008912212711
14.6	0.5125423096	0.5056066919	1.018149002	0.519199956	0.6865425888	0.02047928874	0.01636278044	0.0273524442	0.02780684634	0.008834472117
14.7	0.5127501588	0.5053988427	1.018149002	0.5191596728	0.6865819975	0.02011874366	0.01669657677	0.0273524442	0.02779887733	0.008827604029
14.8	0.5124053047	0.5057436968	1.018149002	0.5191905453	0.686552297	0.01973437751	0.01709535539	0.0273524442	0.02782354543	0.008850844646
14.9	0.511489846	0.5066591555	1.018149002	0.5193372017	0.6864065318	0.01937232823	0.01730368528	0.0273524442	0.02775464338	0.008781488143
15.0	0.510253516	0.5078954855	1.018149002	0.5195145009	0.6862307175	0.01908982338	0.01727159135	0.0273524442	0.02769099398	0.008718521942
15.1	0.5091675245	0.508981477	1.018149002	0.5195790468	0.6861684937	0.0189002022	0.01705830408	0.0273524442	0.02774379412	0.008773210263
15.2	0.5086769947	0.5094720068	1.018149002	0.5195500197	0.6861986811	0.01869782771	0.01677186234	0.0273524442	0.02781303394	0.008844581098
15.3	0.5088031809	0.5093458206	1.018149002	0.5195107083	0.6862370668	0.01837920103	0.01650276971	0.0273524442	0.02780282289	0.008837374816
15.4	0.5091212184	0.5090277831	1.018149002	0.5194990172	0.6862480331	0.01791839754	0.01631230148	0.0273524442	0.02778115566	0.008812924611
15.5	0.5091840308	0.5089649707	1.018149002	0.5194854108	0.6862632785	0.01724983639	0.01632408965	0.0273524442	0.02785805186	0.008882074568
15.6	0.5090274064	0.5091215951	1.018149002	0.51944453	0.6863064933	0.01634826102	0.01667216327	0.0273524442	0.02798475257	0.009005272929
15.7	0.5090512885	0.509097713	1.018149002	0.5193555772	0.6863941139	0.01546157228	0.01724908434	0.0273524442	0.02799231696	0.00901566765
15.8	0.5094036646	0.5087453369	1.018149002	0.5193637796	0.6863847082	0.01499038644	0.01780532334	0.0273524442	0.02793791431	0.008964560461
15.9	0.5099280133	0.5082209882	1.018149002	0.5194804346	0.686268422	0.015273583	0.01833229686	0.0273524442	0.02787359436	0.008899752762
16.0	0.5104420315	0.50770697	1.018149002	0.5196024463	0.6861472678	0.01644294878	0.01890672995	0.0273524442	0.02782663865	0.008851346159
16.1	0.5109332238	0.5072157777	1.018149002	0.5196909452	0.6860589992	0.01843122899	0.01953410399	0.0273524442	0.02778461608	0.008820197121
16.2	0.511418667	0.5067303345	1.018149002	0.5197890332	0.6859643258	0.02077330583	0.02027747155	0.0273524442	0.02786861944	0.008912527656
16.3	0.5117485323	0.5064004692	1.018149002	0.5198793856	0.6858803389	0.02286278265	0.02090794329	0.0273524442	0.0280706342	0.009104044335
16.4	0.5117583817	0.5063906198	1.018149002	0.5199834493	0.6857808433	0.02439266804	0.02106063668	0.0273524442	0.02818581271	0.009209760862
16.5	0.5114041888	0.5067448127	1.018149002	0.5199817936	0.6857799995	0.02534466014	0.02094993561	0.0273524442	0.02807920949	0.009115116341
16.6	0.5107416427	0.5074073588	1.018149002	0.5199596024	0.6858002713	0.02569528232	0.02106687515	0.0273524442	0.02801713507	0.009066376219
16.7	0.5100381837	0.5081108178	1.018149002	0.5199592057	0.6858004576	0.02555062829	0.02130794245	0.0273524442	0.02800628919	0.009048207175
16.8	0.5095545043	0.5085944972	1.018149002	0.5198726367	0.6858845003	0.0252068927	0.02140756266	0.0273524442	0.02795426279	0.00898655396
16.9	0.5093597051	0.5087892964	1.018149002	0.5197145546	0.6860383212	0.02480006709	0.02137785491	0.0273524442	0.02788003618	0.008911574023
17.0	0.5095772436	0.508571758	1.018149002	0.5196035534	0.6861463667	0.02434924268	0.02126791788	0.0273524442	0.02783129153	0.00886450299
17.1	0.5103179411	0.5078310604	1.018149002	0.519655929	0.6860951238	0.0238061115	0.02092601334	0.0273524442	0.02784314368	0.008870954799
17.2	0.5114093382	0.5067396633	1.018149002	0.5197948557	0.6859601596	0.02294338797	0.02010522108	0.0273524442	0.0279165625	0.008934761321
17.3	0.5125091687	0.5056398328	1.018149002	0.5198538948	0.6859068138	0.02183988661	0.01889157962	0.0273524442	0.02811950748	0.009132163157
17.4	0.5134154083	0.5047335932	1.018149002	0.5198347563	0.6859316246	0.02100447866	0.01769265521	0.0273524442	0.02837624582	0.009385245615
17.5	0.5141824018	0.5039665997	1.018149002	0.5197903698	0.6859777729	0.02077431996	0.01671322689	0.0273524442	0.02849107797	0.009503660075
17.6	0.5148254573	0.5033235442	1.018149002	0.5196728284	0.6860914378	0.02094113411	0.01569113597	0.0273524442	0.02841355318	0.009433770578
17.7	0.515053211	0.5030957905	1.018149002	0.5195081257	0.6862508924	0.02101779842	0.01433523701	0.0273524442	0.02830461399	0.009328720653
17.8	0.5146471139	0.5035018876	1.018149002	0.5194963138	0.6862621427	0.02078957336	0.01270260419	0.0273524442	0.02828657657	0.009307263598
17.9	0.5137232389	0.5044257626	1.018149002	0.5195867845	0.6861722704	0.0204058981	0.01130582879	0.0273524442	0.02824351519	0.009258307479
18.0	0.5125338155	0.505615186	1.018149002	0.5197160386	0.6860454273	0.01997133775	0.01088549134	0.0273524442	0.02825437026	0.009266539365
18.1	0.5112505275	0.506898474	1.018149002	0.5198716594	0.6858958406	0.01963129894	0.01182625646	0.0273524442	0.02840555164	0.009417424425
18.2	0.5099160714	0.5082329301	1.018149002	0.5198949522	0.6858767103	0.01957280325	0.01377183177	0.0273524442	0.02856772457	0.00958134484
18.3	0.5086169898	0.5095320117	1.018149002	0.5196377531	0.686126072	0.01963481427	0.01584325809	0.0273524442	0.02840380308	0.009420221668
18.4	0.5075927256	0.5105562759	1.018149002	0.5193613707	0.6863911631	0.01958487247	0.01730723376	0.0273524442	0.02810907823	0.009129618125
18.5	0.5071192848	0.5110297167	1.018149002	0.5193186887	0.6864309028	0.01936459093	0.01802520314	0.0273524442	0.02801445523	0.009037048943
18.6	0.5072310828	0.5109179187	1.018149002	0.5193862178	0.6863653217	0.01877726939	0.01824914407	0.0273524442	0.02805304316	0.009073959035
18.7	0.5076378314	0.5105111701	1.018149002	0.5194354333	0.6863170194	0.01752388371	0.01834157072	0.0273524442	0.02806080158	0.009080446799
18.8	0.5079924847	0.5101565168	1.018149002	0.5195217873	0.6862305312	0.01556953632	0.01855884654	0.0273524442	0.02799732555	0.009016116053
18.9	0.5080717062	0.5100772953	1.018149002	0.519497273	0.6862539568	0.01332557726	0.0189198368	0.0273524442	0.02796633259	0.008983313135
19.0	0.5077474232	0.5104015783	1.018149002	0.5193691465	0.6863811192	0.01142280277	0.01926670818	0.0273524442	0.02801548215	0.009034969192
19.1	0.5070125575	0.511136444	1.018149002	0.519307357	0.6864440685	0.01016933708	0.01950964732	0.0273524442	0.02810931741	0.00913078912
19.2	0.5061276939	0.5120213076	1.018149002	0.5192816135	0.6864707855	0.009559291328	0.01971641787	0.0273524442	0.02816697808	0.009187136063
19.3	0.5055097297	0.5126392718	1.018149002	0.5192710313	0.6864818128	0.009613089106	0.01984162492	0.0273524442	0.02819873982	0.009223327353
19.4	0.5054787215	0.51267028	1.018149002	0.5193332931	0.6864223289	0.01036207991	0.01966993393	0.0273524442	0.02828107282	0.009310397676
19.5	0.5061598091	0.5119891924	1.018149002	0.5194024099	0.6863545627	0.01163690253	0.01919737963	0.0273524442	0.02828123961	0.009299982021
19.6	0.5073978082	0.5107511933	1.018149002	0.5194417713	0.6863140679	0.01316648465	0.01867538588	0.0273524442	0.02819856783	0.009211911336
19.7	0.5089737506	0.5091752509	1.018149002	0.5194481651	0.6863071675	0.01477729417	0.01813387733	0.0273524442	0.02817275459	0.009185759144
19.8	0.5107706101	0.5073783914	1.018149002	0.5194684381	0.6862866	0.01633697297	0.01749279012	0.0273524442	0.02814598292	0.00915822708
19.9	0.5126588731	0.5054901284	1.018149002	0.5194912954	0.6862617126	0.01766476446	0.01683326467	0.0273524442	0.02804334591	0.009055961246
20.0	0.5144407834	0.5037082181	1.018149002	0.5195212827	0.686228853	0.01856530447	0.01629168285	0.0273524442	0.02790066146	0.008915008091
20.1	0.5158871664	0.5022618351	1.018149002	0.5195650351	0.6861837165	0.01903855638	0.01609918855	0.0273524442	0.02781301785	0.008829792527
20.2	0.5169132625	0.501235739	1.018149002	0.5195387497	0.6862077336	0.01923497589	0.01635618705	0.0273524442	0.02773715202	0.008758198708
20.3	0.5174987546	0.5006502469	1.018149002	0.519507351	0.6862370417	0.01919132219	0.01682398031	0.0273524442	0.02767160923	0.008694831144
20.4	0.5176116385	0.500537363	1.018149002	0.5195540933	0.6861921462	0.01891711285	0.01729436479	0.0273524442	0.02771886616	0.008742312797
20.5	0.517336725	0.5008122765	1.018149002	0.5196651424	0.6860858607	0.01854387897	0.01770633978	0.0273524442	0.02784707371	0.008870587927
20.6	0.5168419922	0.5013070093	1.018149002	0.5198009991	0.6859543375	0.01824996059	0.01804768798	0.0273524442	0.02794108606	0.008964603528
20.7	0.5163167835	0.501832218	1.018149002	0.5199538063	0.6858053353	0.01817857653	0.01837229171	0.0273524442	0.02799357458	0.009010009141
20.8	0.5158746477	0.5022743538	1.018149002	0.5200478941	0.6857132435	0.01856321315	0.01880295547	0.0273524442	0.02802155219	0.009045214298
20.9	0.5154220684	0.5027269332	1.018149002	0.5200646952	0.6856980162	0.01969300741	0.01941565412	0.0273524442	0.02809388463	0.009136566425
21.0	0.5147526746	0.5033963269	1.018149002	0.5200141447	0.6857479164	0.02131246467	0.02010537093	0.0273524442	0.02809934493	0.009143618391
21.1	0.5137085544	0.5044404471	1.018149002	0.519907139	0.6858528366	0.02262713765	0.02062034235	0.0273524442	0.02807382475	0.009111639569
21.2	0.5122542182	0.5058947833	1.018149002	0.5198532299	0.6859063872	0.02316891603	0.0206384836	0.0273524442	0.02809647509	0.009136445215
21.3	0.5105191897	0.5076298119	1.018149002	0.5198086003	0.6859485394	0.023083032	0.01989030927	0.0273524442	0.02802969971	0.009076740162
21.4	0.5088466511	0.5093023504	1.018149002	0.5197343941	0.6860182049	0.02279707505	0.01835240352	0.0273524442	0.02788863275	0.008935131702
21.5	0.5075327472	0.5106162543	1.018149002	0.5196516744	0.6860968182	0.02265733828	0.01634862936	0.0273524442	0.02776697373	0.008809674315
21.6	0.5064505179	0.5116984836	1.018149002	0.5195098094	0.6862332466	0.02265083923	0.01438298612	0.0273524442	0.02763035745	0.008672368321
21.7	0.5053701386	0.5127788629	1.018149002	0.519414966	0.6863247714	0.02259939426	0.01280487664	0.0273524442	0.02755394721	0.008594080907
21.8	0.5043468822	0.5138021193	1.018149002	0.5195056282	0.686237054	0.02240199309	0.01179540657	0.0273524442	0.02761852034	0.008655280713
21.9	0.5034704736	0.5146785279	1.018149002	0.5197602468	0.6859895281	0.02205063565	0.01151571979	0.0273524442	0.02775531894	0.008794308154
22.0	0.5027230587	0.5154259428	1.018149002	0.5198943958	0.6858579835	0.02183546271	0.01195708587	0.0273524442	0.02779355954	0.008845709166
22.1	0.5021952251	0.5159537764	1.018149002	0.5198184436	0.6859302284	0.02203770554	0.01251415693	0.0273524442	0.02769564946	0.008756881448
22.2	0.5022062842	0.5159427173	1.018149002	0.5196738183	0.6860708125	0.02255310938	0.01252235431	0.0273524442	0.02762223611	0.008686343015
22.3	0.5029536146	0.5151953869	1.018149002	0.5195927765	0.6861513081	0.02313706347	0.01193401905	0.0273524442	0.02764925525	0.008709783971
22.4	0.5041441102	0.5140048913	1.018149002	0.5195379661	0.6862059894	0.02374775027	0.01102602293	0.0273524442	0.02767266764	0.008725112375
22.5	0.5053419589	0.5128070426	1.018149002	0.5195380016	0.686205606	0.0244121915	0.01012571742	0.0273524442	0.02764816693	0.008692232991
22.6	0.5063111918	0.5118378097	1.018149002	0.5196249849	0.6861198545	0.02494801618	0.009562717307	0.0273524442	0.02763766488	0.008678985167
22.7	0.5069986871	0.5111503144	1.018149002	0.5197491578	0.6859983248	0.02522703697	0.009618297805	0.0273524442	0.0276734546	0.008721887113
22.8	0.5074701594	0.5106788422	1.018149002	0.5197946634	0.6859539853	0.02543454222	0.01041967581	0.0273524442	0.02769652758	0.00874974775
22.9	0.5077462525	0.510402749	1.018149002	0.5196999822	0.6860482425	0.02573844795	0.0117148089	0.0273524442	0.02773554583	0.008782428908
23.0	0.5076847119	0.5104642896	1.018149002	0.5195640895	0.6861844603	0.02593541212	0.01294593814	0.0273524442	0.027826758	0.008858036695
23.1	0.5071488246	0.5110001769	1.018149002	0.5195907606	0.6861631521	0.02544316008	0.01372973328	0.0273524442	0.02803232642	0.009054544684
23.2	0.506310082	0.5118389195	1.018149002	0.5198552069	0.6859090224	0.0238155728	0.01420935046	0.0273524442	0.02830764446	0.009335262869
23.3	0.50545501	0.5126939916	1.018149002	0.5201164726	0.6856541509	0.02131501299	0.01503759374	0.0273524442	0.02840857434	0.009437066639
23.4	0.5047230743	0.5134259273	1.018149002	0.520163746	0.685606946	0.01888049349	0.01660759007	0.0273524442	0.0283591656	0.009377656527
23.5	0.5040812636	0.5140677379	1.018149002	0.5200249625	0.6857435669	0.01734021116	0.0185000957	0.0273524442	0.02834496246	0.009360921651
23.6	0.5034920258	0.5146569757	1.018149002	0.5197517206	0.686010281	0.01686577318	0.02006892954	0.0273524442	0.02823816621	0.009248970417
23.7	0.5031116278	0.5150373737	1.018149002	0.5195565759	0.6861981849	0.01718959855	0.02094696335	0.0273524442	0.02805928794	0.009069443477
23.8	0.5030740897	0.5150749118	1.018149002	0.5195299373	0.6862213162	0.01804514073	0.02106520234	0.0273524442	0.0279331292	0.008946198927
23.9	0.5034674771	0.5146815244	1.018149002	0.5196680815	0.6860838227	0.01935467052	0.02055324288	0.0273524442	0.0278693306	0.008883284383
24.0	0.5044603305	0.513688671	1.018149002	0.519902304	0.6858537966	0.02103463652	0.0197593586	0.0273524442	0.02788249707	0.00889200583
24.1	0.5060496643	0.5120993372	1.018149002	0.5201675212	0.6855946178	0.02284935069	0.01892066497	0.0273524442	0.02796007217	0.008976891546
24.2	0.5078363887	0.5103126128	1.018149002	0.5202587078	0.6855029692	0.02461299941	0.01810620091	0.0273524442	0.02788436712	0.008909420166
24.3	0.5092411287	0.5089078728	1.018149002	0.5201255158	0.6856280332	0.02616776035	0.01741940345	0.0273524442	0.02762856575	0.008646917306
24.4	0.5099235435	0.508225458	1.018149002	0.5199672992	0.6857802889	0.0272025715	0.01696471031	0.0273524442	0.02748690317	0.008502201276
24.5	0.509847892	0.5083011095	1.018149002	0.5198663813	0.685882751	0.02737011845	0.01678052206	0.0273524442	0.02762828175	0.008644711726
24.6	0.5092084427	0.5089405588	1.018149002	0.5198083146	0.6859423458	0.02666164219	0.01672839653	0.0273524442	0.02774208634	0.008765024347
24.7	0.5084485721	0.5097004294	1.018149002	0.5197627137	0.6859845071	0.02534031479	0.01653785097	0.0273524442	0.02762904487	0.008656584278
24.8	0.5079121757	0.5102368258	1.018149002	0.5198179772	0.6859257179	0.0236447234	0.01607856843	0.0273524442	0.02744647106	0.008481555761
24.9	0.5074720267	0.5106769748	1.018149002	0.5198656246	0.6858753977	0.02194537027	0.01577810184	0.0273524442	0.0273091371	0.008351431502
25.0	0.5069019434	0.5112470581	1.018149002	0.519889205	0.6858478831	0.02050723252	0.01608468881	0.0273524442	0.0271426122	0.008197831176
