# (1)t	(2)P_1	(3)P_2	(4)trace	(5)purity	(6)vonNeumann_entropy	(7)P_1 std	(8)P_2 std	(9)trace std	(10)purity std	(11)vonNeumann_entropy std
0.0	0.9986643094	-0.001256222193	0.9974080872	0.9981744273	-0.006790125143	0.02520191152	0.00673555924	0.02513460447	0.05039920122	0.04297010026
0.25	0.9392271546	0.05818093257	0.9974080872	0.9854870512	0.02954610475	0.02325147795	0.006219062538	0.02513460447	0.04933869568	0.04137545627
0.5	0.797860718	0.1995473692	0.9974080872	0.8677313976	0.2519869324	0.02049916606	0.007139570932	0.02513460447	0.04109876181	0.02133566528
0.75	0.6593279832	0.3380801039	0.9974080872	0.6669587553	0.5126746539	0.02067465502	0.008104485384	0.02513460447	0.03060486139	0.01195110222
1.0	0.5758139622	0.421594125	0.9974080872	0.563017633	0.6266845588	0.02195200807	0.009239965607	0.02513460447	0.02919742488	0.01107590522
1.25	0.5397240568	0.4576840304	0.9974080872	0.5428065903	0.6477621117	0.02218926561	0.01103967895	0.02513460447	0.02865174833	0.01050665638
1.5	0.5337483668	0.4636597204	0.9974080872	0.5440692038	0.6464348548	0.0226652108	0.01108968912	0.02513460447	0.02782236051	0.009687918215
1.75	0.5418694389	0.4555386483	0.9974080872	0.550214361	0.6400945639	0.02281451638	0.009648100759	0.02513460447	0.02984984768	0.01179534993
2.0	0.5522951563	0.4451129309	0.9974080872	0.5557819161	0.6342567663	0.02246363022	0.01062623275	0.02513460447	0.02843433337	0.01014470761
2.25	0.558784737	0.4386233502	0.9974080872	0.5607653846	0.6290668046	0.02045390025	0.01164015966	0.02513460447	0.0294242379	0.01077749876
2.5	0.5620527372	0.43535535	0.9974080872	0.561811832	0.6279941496	0.01834545799	0.01237099765	0.02513460447	0.03108002325	0.01296214859
2.75	0.5611797627	0.4362283245	0.9974080872	0.5604754256	0.6293741162	0.01732066783	0.01425114986	0.02513460447	0.03052428658	0.01273261992
3.0	0.5593796927	0.4380283944	0.9974080872	0.5611553	0.6286328163	0.0172273638	0.01448257822	0.02513460447	0.02898392594	0.01098993159
3.25	0.5573338028	0.4400742844	0.9974080872	0.5593683825	0.6305111453	0.01854612933	0.01426348151	0.02513460447	0.02887121321	0.01075907126
3.5	0.5546126916	0.4427953956	0.9974080872	0.5589807273	0.6308975115	0.01847129168	0.0149324563	0.02513460447	0.02900940866	0.01193527301
3.75	0.5524017877	0.4450062995	0.9974080872	0.5584540302	0.6315035292	0.01801002363	0.01499509595	0.02513460447	0.03029872736	0.01203319919
4.0	0.5510299748	0.4463781123	0.9974080872	0.5590229771	0.6308706422	0.01939949471	0.01535888328	0.02513460447	0.02827919264	0.009491786024
4.25	0.5500966384	0.4473114487	0.9974080872	0.5601887451	0.6296378257	0.01958231463	0.01547495849	0.02513460447	0.02807574472	0.009618821813
4.5	0.5510181666	0.4463899205	0.9974080872	0.5580715594	0.6318963048	0.02027022749	0.01399610645	0.02513460447	0.02993184969	0.01161416656
4.75	0.5492502029	0.4481578843	0.9974080872	0.5591017193	0.6308270993	0.01919286791	0.01358281594	0.02513460447	0.03040607408	0.01210262761
5.0	0.5480488891	0.4493591981	0.9974080872	0.557703876	0.6322576369	0.01794257812	0.01333640317	0.02513460447	0.02914405112	0.01105176956
5.25	0.5466130989	0.4507949883	0.9974080872	0.5563435978	0.633711633	0.01811447704	0.01277973404	0.02513460447	0.03066940221	0.01266137283
5.5	0.5438454585	0.4535626286	0.9974080872	0.5582348924	0.6316953113	0.01795018129	0.01419459543	0.02513460447	0.02832131518	0.009636156227
5.75	0.5428694338	0.4545386534	0.9974080872	0.5564326402	0.6335869551	0.0182920721	0.01429654055	0.02513460447	0.0290599433	0.0108949449
6.0	0.5422798919	0.4551281952	0.9974080872	0.5537630317	0.6363537682	0.01774931968	0.0139384481	0.02513460447	0.02839249521	0.01067022553
6.25	0.5421504764	0.4552576108	0.9974080872	0.5563045185	0.6337005347	0.01764357678	0.01278929619	0.02513460447	0.02826149245	0.01020140841
6.5	0.5392722565	0.4581358307	0.9974080872	0.5560855476	0.633943042	0.01886005202	0.01157366694	0.02513460447	0.02886920738	0.01089246095
6.75	0.5376203801	0.459787707	0.9974080872	0.5571018384	0.6328438953	0.01919970283	0.01156432292	0.02513460447	0.02708549424	0.008941455082
7.0	0.537939958	0.4594681292	0.9974080872	0.5545753444	0.6355381408	0.01837325502	0.01130117055	0.02513460447	0.02908792374	0.01057613888
7.25	0.5384426951	0.458965392	0.9974080872	0.5552270289	0.6347994487	0.01714480973	0.01235082364	0.02513460447	0.02771593486	0.01046665656
7.5	0.5388513771	0.45855671	0.9974080872	0.5555247785	0.634595272	0.01625674708	0.0132910897	0.02513460447	0.03175698464	0.01366479337
7.75	0.5416430369	0.4557650502	0.9974080872	0.5552606535	0.6347743061	0.01628230015	0.01384860721	0.02513460447	0.02790455561	0.01031020765
8.0	0.5415665423	0.4558415449	0.9974080872	0.557282161	0.632665205	0.01604382034	0.01471101593	0.02513460447	0.0277616877	0.009798635225
8.25	0.5407068837	0.4567012035	0.9974080872	0.554701898	0.6353668676	0.01656628304	0.01438737903	0.02513460447	0.02749862601	0.009126702653
8.5	0.5401475862	0.457260501	0.9974080872	0.5554737457	0.634612809	0.01510585422	0.01472763649	0.02513460447	0.03020938284	0.01210998818
8.75	0.539909908	0.4574981792	0.9974080872	0.5567260018	0.6332495176	0.01778811286	0.01369470394	0.02513460447	0.02753280462	0.009237685846
9.0	0.5379432521	0.4594648351	0.9974080872	0.5547506195	0.635317129	0.01959907755	0.01251712637	0.02513460447	0.02746160903	0.008948223766
9.25	0.5372693348	0.4601387524	0.9974080872	0.5546601283	0.6354563473	0.02041550228	0.01250910408	0.02513460447	0.03044404263	0.01286311906
9.5	0.5382436011	0.4591644861	0.9974080872	0.5561341156	0.6338542487	0.02104325962	0.01402191359	0.02513460447	0.0269663373	0.008781664879
9.75	0.5371013035	0.4603067836	0.9974080872	0.5553663906	0.6347041918	0.01926428963	0.01348938889	0.02513460447	0.02901831207	0.01072848801
10.0	0.5358745871	0.4615335001	0.9974080872	0.5542162384	0.6359127828	0.01545967386	0.01388648149	0.02513460447	0.028960144	0.01033853645
10.25	0.5357505308	0.4616575564	0.9974080872	0.5555112773	0.6344931384	0.0148902182	0.01356681545	0.02513460447	0.02696213	0.009421948207
10.5	0.5344580789	0.4629500083	0.9974080872	0.555047793	0.6349738968	0.01677867466	0.01239746372	0.02513460447	0.02641590954	0.008400443322
10.75	0.5341247182	0.463283369	0.9974080872	0.5544991386	0.6356109907	0.01789181665	0.01134624316	0.02513460447	0.02895428215	0.01066961212
11.0	0.5324606783	0.4649474088	0.9974080872	0.552039914	0.6381752158	0.01507327401	0.01228960912	0.02513460447	0.02868630444	0.01025040414
11.25	0.5309533897	0.4664546975	0.9974080872	0.5496460268	0.6406400697	0.01381367749	0.01331116173	0.02513460447	0.02766544996	0.009569820266
11.5	0.5309871436	0.4664209436	0.9974080872	0.5547346108	0.635327627	0.01618349843	0.01208376466	0.02513460447	0.02713135744	0.008662434259
11.75	0.5314809625	0.4659271247	0.9974080872	0.5548218563	0.6352360516	0.01619607857	0.01232566883	0.02513460447	0.02809485798	0.01063792105
12.0	0.5312840159	0.4661240713	0.9974080872	0.5543633991	0.6357519146	0.01592582842	0.01217443015	0.02513460447	0.02900998548	0.0107539626
12.25	0.5318180809	0.4655900063	0.9974080872	0.5508192496	0.639395495	0.01671789267	0.01251417646	0.02513460447	0.02700543864	0.009144360224
12.5	0.5315011853	0.4659069019	0.9974080872	0.5545278611	0.6355977624	0.01710345923	0.01216337231	0.02513460447	0.02949624577	0.01096100718
12.75	0.5292864447	0.4681216425	0.9974080872	0.5549758826	0.6351192473	0.0172923365	0.01224568277	0.02513460447	0.02928987952	0.0109982579
13.0	0.5294345415	0.4679735457	0.9974080872	0.5542322194	0.635810249	0.01689743694	0.01418542592	0.02513460447	0.02623431085	0.008923369572
13.25	0.5312683203	0.4661397669	0.9974080872	0.5543095692	0.6357471982	0.01568446319	0.01520895286	0.02513460447	0.02736326328	0.01035094353
13.5	0.5321309111	0.4652771761	0.9974080872	0.5542207869	0.6358426713	0.01770648265	0.01464555224	0.02513460447	0.02670607655	0.008734032265
13.75	0.5302228193	0.4671852679	0.9974080872	0.5567687034	0.6332485745	0.0160009645	0.01472680809	0.02513460447	0.02937436866	0.01102652704
14.0	0.5292299912	0.468178096	0.9974080872	0.5531469976	0.636935815	0.01496774513	0.01491038388	0.02513460447	0.02557886929	0.007733171478
14.25	0.5287437555	0.4686643316	0.9974080872	0.5536576567	0.6364846039	0.01446562352	0.01463223617	0.02513460447	0.02882924194	0.01074128993
14.5	0.527201362	0.4702067252	0.9974080872	0.5549882349	0.6351090723	0.01352601555	0.01392834641	0.02513460447	0.02958761271	0.01146269678
14.75	0.5257270934	0.4716809937	0.9974080872	0.5534632918	0.6366650052	0.01414940323	0.01343735448	0.02513460447	0.0278606483	0.009611067695
15.0	0.5254233793	0.4719847079	0.9974080872	0.5539146929	0.6361554756	0.01655440267	0.01406676296	0.02513460447	0.02677012908	0.009174918936
15.25	0.5254273269	0.4719807603	0.9974080872	0.5548394704	0.635294778	0.01688891726	0.01509593955	0.02513460447	0.03042965601	0.01183386678
15.5	0.5265570773	0.4708510099	0.9974080872	0.5553387984	0.6347499685	0.01496584992	0.01644799762	0.02513460447	0.02949473337	0.01094293684
15.75	0.5255838447	0.4718242425	0.9974080872	0.5531466308	0.6369829843	0.01434990617	0.01549341448	0.02513460447	0.0277209664	0.00997955085
16.0	0.5231330261	0.4742750611	0.9974080872	0.5546944201	0.6353684926	0.01411958398	0.01664784346	0.02513460447	0.02713261723	0.008612778914
16.25	0.5239570818	0.4734510054	0.9974080872	0.5522931872	0.6378641776	0.01367779261	0.01687631509	0.02513460447	0.02681864147	0.0084665958
16.5	0.5254263876	0.4719816996	0.9974080872	0.5519040496	0.6383155326	0.01519844283	0.01711871565	0.02513460447	0.02873121639	0.01037201366
16.75	0.5251113449	0.4722967422	0.9974080872	0.553479477	0.6366355658	0.01676412446	0.01598281486	0.02513460447	0.02701897533	0.008479797234
17.0	0.5236588534	0.4737492338	0.9974080872	0.5547513851	0.6353273896	0.01792000623	0.01475314804	0.02513460447	0.02800872781	0.009650919614
17.25	0.5237163338	0.4736917534	0.9974080872	0.5551569454	0.6348784041	0.01951714397	0.0155879651	0.02513460447	0.02681081322	0.008293461099
17.5	0.5242673456	0.4731407415	0.9974080872	0.5536714469	0.6364375918	0.01919042158	0.01639241312	0.02513460447	0.02748129154	0.009320631935
17.75	0.5240578624	0.4733502248	0.9974080872	0.5524781377	0.6377114793	0.0183556152	0.01661230079	0.02513460447	0.02858895264	0.01027634214
18.0	0.5240581784	0.4733499088	0.9974080872	0.5509642074	0.6392843656	0.0203476101	0.01649748746	0.02513460447	0.02833478774	0.01005075963
18.25	0.523952027	0.4734560602	0.9974080872	0.552554239	0.6375960593	0.01928302599	0.01679343527	0.02513460447	0.02705789487	0.008858775934
18.5	0.5232029069	0.4742051803	0.9974080872	0.5528968243	0.6372227081	0.01760831057	0.01680987751	0.02513460447	0.02670072746	0.008896495099
18.75	0.5254318398	0.4719762473	0.9974080872	0.5501378173	0.6401441832	0.01688780646	0.01594526285	0.02513460447	0.02859107825	0.01076328833
19.0	0.5260941103	0.4713139769	0.9974080872	0.5510541019	0.6392456209	0.01653986812	0.01478282028	0.02513460447	0.03068835759	0.01233333959
19.25	0.5250279443	0.4723801429	0.9974080872	0.553322572	0.6368366859	0.01750479017	0.01311898983	0.02513460447	0.02890976608	0.01066321241
19.5	0.5222026344	0.4752054528	0.9974080872	0.5521522683	0.6380299105	0.01868710789	0.01378829479	0.02513460447	0.02767950651	0.009542162852
19.75	0.5206531903	0.4767548969	0.9974080872	0.5508909643	0.6393723122	0.01924654629	0.01402365554	0.02513460447	0.0287792592	0.0104963041
20.0	0.521856425	0.4755516622	0.9974080872	0.551384225	0.6388160293	0.02058265137	0.01304035037	0.02513460447	0.0271356219	0.008980146156
20.25	0.5252889856	0.4721191016	0.9974080872	0.5529901126	0.6371363428	0.0196159045	0.01392038155	0.02513460447	0.0269787614	0.008874630317
20.5	0.5239828457	0.4734252415	0.9974080872	0.5526769511	0.6374873297	0.01769414681	0.01555869739	0.02513460447	0.02770864045	0.009296798864
20.75	0.5199610672	0.47744702	0.9974080872	0.5532693515	0.6368625152	0.01654317385	0.01726233011	0.02513460447	0.02756305627	0.009358046724
21.0	0.5220954197	0.4753126675	0.9974080872	0.5531024142	0.6370754098	0.01629642487	0.01637726826	0.02513460447	0.02946973488	0.0114133931
21.25	0.5248126227	0.4725954645	0.9974080872	0.5549470711	0.6351346932	0.01685076107	0.01699548553	0.02513460447	0.02892898818	0.01094432047
21.5	0.5245282501	0.4728798371	0.9974080872	0.5557721833	0.6342600381	0.01888985727	0.01580607308	0.02513460447	0.02791231577	0.009442943147
21.75	0.5218746888	0.4755333984	0.9974080872	0.5513690896	0.6389053758	0.01803602187	0.01338365724	0.02513460447	0.03090314039	0.01306899916
22.0	0.5221598903	0.4752481968	0.9974080872	0.550935117	0.6393506271	0.01748724551	0.01280897561	0.02513460447	0.03010815571	0.01196961368
22.25	0.5217651908	0.4756428964	0.9974080872	0.5547271933	0.635318677	0.01710183738	0.01281779167	0.02513460447	0.02683556128	0.00883301451
22.5	0.5235459856	0.4738621016	0.9974080872	0.5548653482	0.6352165498	0.01754861042	0.01361828799	0.02513460447	0.02827388406	0.009828069727
22.75	0.5266681406	0.4707399466	0.9974080872	0.5541867251	0.6359000489	0.01788268845	0.01323210197	0.02513460447	0.02762217828	0.009619716299
23.0	0.5266934809	0.4707146063	0.9974080872	0.5541833914	0.6359063007	0.01844419666	0.01272077196	0.02513460447	0.02775650491	0.009767409879
23.25	0.5228983744	0.4745097127	0.9974080872	0.5518542513	0.6382990338	0.01893663398	0.0136025465	0.02513460447	0.02631626947	0.008765622502
23.5	0.5211870571	0.4762210301	0.9974080872	0.5532556495	0.6368773236	0.01828846983	0.01421249094	0.02513460447	0.02781432445	0.009918007081
23.75	0.5244160781	0.4729920091	0.9974080872	0.5501954061	0.6400477142	0.01716871329	0.01464495966	0.02513460447	0.02676570912	0.008600676876
24.0	0.5264475184	0.4709605687	0.9974080872	0.5539467422	0.6361786165	0.01725226172	0.014580075	0.02513460447	0.02853733183	0.01020985394
24.25	0.5249357315	0.4724723557	0.9974080872	0.5557806997	0.6342234326	0.01985341426	0.01496347524	0.02513460447	0.02689685086	0.008567274808
24.5	0.5222440658	0.4751640213	0.9974080872	0.5513537228	0.6388435537	0.02074432456	0.01571933469	0.02513460447	0.02708142817	0.009242326724
24.75	0.5202421157	0.4771659714	0.9974080872	0.5534104556	0.6366886497	0.02248479948	0.0151123084	0.02513460447	0.02681715265	0.00910792353
25.0	0.5219853611	0.475422726	0.9974080872	0.5532231014	0.6369705062	0.02152875108	0.01380695007	0.02513460447	0.02996406809	0.01147383054
