# (1)t	(2)P_1	(3)P_2	(4)trace	(5)purity	(6)vonNeumann_entropy	(7)P_1 std	(8)P_2 std	(9)trace std	(10)purity std	(11)vonNeumann_entropy std
0.0	0.9946910678	-0.005105257676	0.9895858101	0.9903751791	-0.01478000404	0.02086293757	0.01540228738	0.02614945999	0.04192552008	0.0659490133
0.1	0.9845865217	0.004999288389	0.9895858101	0.9900860159	-0.01411481209	0.02125840385	0.01525823213	0.02614945999	0.04194250633	0.06614284457
0.2	0.9557065452	0.03387926486	0.9895858101	0.9849149984	-0.002768941479	0.0212816608	0.01479572828	0.02614945999	0.04196128879	0.06592186323
0.3	0.9111047721	0.07848103799	0.9895858101	0.9674308044	0.03893576139	0.02083387122	0.01422106498	0.02614945999	0.04271578951	0.06306911085
0.4	0.8548842449	0.1347015652	0.9895858101	0.9333393981	0.1195389699	0.01983197228	0.01379533362	0.02614945999	0.04386293238	0.04573475477
0.5	0.7917811986	0.1978046115	0.9895858101	0.882613427	0.2120976625	0.01848851778	0.01381019062	0.02614945999	0.04303078492	0.03299755265
0.6	0.7265752925	0.2630105176	0.9895858101	0.8218454434	0.3053776854	0.01726581202	0.01440023737	0.02614945999	0.03956763424	0.02263560548
0.7	0.6634012056	0.3261846045	0.9895858101	0.76123815	0.388199736	0.01645378753	0.01540539347	0.02614945999	0.03583754644	0.01601935052
0.8	0.6055111373	0.3840746728	0.9895858101	0.7079404919	0.4554255889	0.0159766328	0.01660808113	0.02614945999	0.03390123671	0.01344372207
0.9	0.555188046	0.4343977641	0.9895858101	0.6658498447	0.5057057415	0.0156260977	0.01784453263	0.02614945999	0.03396091569	0.01340887774
1.0	0.513553262	0.4760325481	0.9895858101	0.6364759626	0.5395410043	0.01519637872	0.01887724266	0.02614945999	0.0348701542	0.01512065488
1.1	0.4809677993	0.5086180108	0.9895858101	0.6192168707	0.558959491	0.01468634841	0.01953804848	0.02614945999	0.03453546581	0.01553078843
1.2	0.4574480024	0.5321378077	0.9895858101	0.6131476594	0.5657056172	0.01435525808	0.01983968475	0.02614945999	0.03321015877	0.01388345052
1.3	0.4424633012	0.5471225089	0.9895858101	0.6149418565	0.5637290496	0.01448196089	0.01991359774	0.02614945999	0.03310689231	0.01290977505
1.4	0.4348468805	0.5547389296	0.9895858101	0.6204767134	0.5575826699	0.01515206569	0.01984657067	0.02614945999	0.03428858181	0.01396751631
1.5	0.4331054753	0.5564803347	0.9895858101	0.6280082144	0.5491348537	0.01610467092	0.01967479089	0.02614945999	0.03520079441	0.01531847123
1.6	0.4359045138	0.5536812963	0.9895858101	0.6370566412	0.5388917021	0.0168274844	0.0193563232	0.02614945999	0.03551957999	0.01604269853
1.7	0.4422060947	0.5473797154	0.9895858101	0.6465054692	0.5280907456	0.01702553349	0.01882585024	0.02614945999	0.0353740169	0.01629275498
1.8	0.4510978407	0.5384879694	0.9895858101	0.6553442547	0.5178798819	0.01686629312	0.01827915301	0.02614945999	0.03461024918	0.01598631306
1.9	0.4616625943	0.5279232158	0.9895858101	0.662984704	0.5089370264	0.01675603637	0.0180146425	0.02614945999	0.03260092263	0.01480903158
2.0	0.4728247743	0.5167610358	0.9895858101	0.6691042621	0.5016681389	0.01691270768	0.01804856268	0.02614945999	0.03000738841	0.0142519396
2.1	0.4834484038	0.5061374063	0.9895858101	0.6734054721	0.4965273003	0.01712126016	0.01811155102	0.02614945999	0.02825519603	0.01440729878
2.2	0.4928405198	0.4967452903	0.9895858101	0.6753657741	0.4941821065	0.01725023822	0.01801684651	0.02614945999	0.02780127772	0.01494183468
2.3	0.5009607563	0.4886250538	0.9895858101	0.6755854347	0.4939034457	0.01744450949	0.0178818881	0.02614945999	0.02907010394	0.01744083315
2.4	0.5080195409	0.4815662692	0.9895858101	0.6752265034	0.4942967351	0.01769135004	0.01785325452	0.02614945999	0.03074214903	0.02047377765
2.5	0.5140466097	0.4755392004	0.9895858101	0.6756152856	0.4937811484	0.0178555172	0.01801857955	0.02614945999	0.03102829305	0.0222261829
2.6	0.5188968383	0.4706889717	0.9895858101	0.6772113992	0.4917737328	0.0179051325	0.01838724957	0.02614945999	0.03012177118	0.02402461191
2.7	0.5224130386	0.4671727715	0.9895858101	0.6796285718	0.4887838941	0.01794916404	0.01880702137	0.02614945999	0.02928108409	0.02593458732
2.8	0.5245410856	0.4650447245	0.9895858101	0.681445774	0.4866153021	0.01824257566	0.01911176621	0.02614945999	0.02888648938	0.02582195857
2.9	0.5253323337	0.4642534764	0.9895858101	0.6817991991	0.4863373879	0.01895492613	0.01915414945	0.02614945999	0.0291876578	0.02301598386
3.0	0.5249058954	0.4646799146	0.9895858101	0.6814388931	0.4869450659	0.01984818379	0.01877788627	0.02614945999	0.03023742544	0.01978993429
3.1	0.5234198018	0.4661660083	0.9895858101	0.6821615393	0.4861902201	0.02052384928	0.01807806129	0.02614945999	0.03104741395	0.0180263245
3.2	0.521034549	0.4685512611	0.9895858101	0.6842613306	0.4837372762	0.02078669874	0.01743153242	0.02614945999	0.03126538646	0.01706218824
3.3	0.5180270354	0.4715587747	0.9895858101	0.6854961826	0.4822917384	0.02062138323	0.01707655257	0.02614945999	0.03079224692	0.01553214008
3.4	0.5148946895	0.4746911205	0.9895858101	0.6845791943	0.4834226417	0.02009370658	0.0169629112	0.02614945999	0.02988495644	0.01253781355
3.5	0.5121330712	0.4774527389	0.9895858101	0.682138301	0.4863513811	0.01924677629	0.01697234429	0.02614945999	0.0299599942	0.01171537084
3.6	0.5099811028	0.4796047073	0.9895858101	0.6801725684	0.4887074683	0.01818835207	0.01701911714	0.02614945999	0.03232426158	0.01543015628
3.7	0.5084037028	0.4811821073	0.9895858101	0.6800699678	0.4888809217	0.01726100854	0.01718131175	0.02614945999	0.03498509745	0.01826847172
3.8	0.5072673002	0.4823185099	0.9895858101	0.6811522896	0.4876182507	0.01689153781	0.01757100737	0.02614945999	0.03533990199	0.01822369252
3.9	0.5064067839	0.4831790262	0.9895858101	0.6836872136	0.4845580877	0.01724833325	0.01810786531	0.02614945999	0.03403271788	0.01748825399
4.0	0.5056006904	0.4839851197	0.9895858101	0.6876147938	0.4797942728	0.01809184204	0.01856747041	0.02614945999	0.0322321472	0.01702119274
4.1	0.5046110325	0.4849747776	0.9895858101	0.6905329808	0.476243371	0.01898248151	0.01865671027	0.02614945999	0.03098857917	0.01688387062
4.2	0.50326524	0.4863205701	0.9895858101	0.6910491156	0.4756141883	0.01957803603	0.0182754987	0.02614945999	0.0309518384	0.01718656509
4.3	0.5016209963	0.4879648138	0.9895858101	0.6901930992	0.476669872	0.01974896108	0.01769785328	0.02614945999	0.03161423741	0.01735722201
4.4	0.5000706314	0.4895151787	0.9895858101	0.6891726809	0.4779588208	0.01948760179	0.01719566931	0.02614945999	0.03242507946	0.01662260861
4.5	0.4990734967	0.4905123134	0.9895858101	0.6881071573	0.4793030589	0.0189010026	0.01679068664	0.02614945999	0.03308257459	0.01552896043
4.6	0.4986172713	0.4909685387	0.9895858101	0.6872786155	0.4803401833	0.01816380151	0.01649085679	0.02614945999	0.03337179382	0.0144616525
4.7	0.4981185347	0.4914672754	0.9895858101	0.6864734458	0.4813171139	0.01737096607	0.0163621824	0.02614945999	0.03340617328	0.01395236884
4.8	0.4971560115	0.4924297986	0.9895858101	0.6859368769	0.4819542989	0.01656491683	0.01647584409	0.02614945999	0.0336830905	0.01458492938
4.9	0.4959851786	0.4936006315	0.9895858101	0.6869853346	0.4807138833	0.0157151923	0.0168204408	0.02614945999	0.0348316459	0.01631847541
5.0	0.4951631112	0.4944226989	0.9895858101	0.6894182941	0.4778354123	0.01471698429	0.01720800636	0.02614945999	0.03623893869	0.01782067347
5.1	0.495043487	0.4945423231	0.9895858101	0.6909054833	0.4760635875	0.0137015963	0.01755008143	0.02614945999	0.03593596446	0.0169734825
5.2	0.495504351	0.4940814591	0.9895858101	0.6907336619	0.47621965	0.01308718156	0.01806360135	0.02614945999	0.03376216848	0.01455711747
5.3	0.496113882	0.4934719281	0.9895858101	0.6902535058	0.4767260506	0.01322726455	0.01895418994	0.02614945999	0.03165003003	0.01294836307
5.4	0.4966044538	0.4929813563	0.9895858101	0.689687102	0.4773803204	0.01406148401	0.02016187463	0.02614945999	0.03109461882	0.01281773168
5.5	0.4968943794	0.4926914307	0.9895858101	0.688958198	0.4782815256	0.01508845526	0.02149101194	0.02614945999	0.03210306644	0.01373438456
5.6	0.4969658726	0.4926199375	0.9895858101	0.6881221294	0.4793380525	0.01568101478	0.02284218021	0.02614945999	0.03358528248	0.01455208163
5.7	0.4968298311	0.492755979	0.9895858101	0.6883928992	0.4790780911	0.01548737061	0.02418463148	0.02614945999	0.03526337507	0.01557924603
5.8	0.4965670934	0.4930187167	0.9895858101	0.6893003515	0.4780468254	0.01461381507	0.02544388838	0.02614945999	0.0368873477	0.01690490188
5.9	0.496534031	0.4930517791	0.9895858101	0.6884275506	0.4791196508	0.01353267429	0.0264419576	0.02614945999	0.03894248525	0.01970846535
6.0	0.49703611	0.4925497001	0.9895858101	0.6864611102	0.4814522273	0.01257831579	0.02700075691	0.02614945999	0.04113021002	0.02351305961
6.1	0.4977641414	0.4918216687	0.9895858101	0.6853253136	0.4827748026	0.01178681495	0.02713932366	0.02614945999	0.04115721848	0.02422462967
6.2	0.4981462419	0.4914395682	0.9895858101	0.6858272249	0.4821495215	0.01126108791	0.02699469336	0.02614945999	0.03872589693	0.02121433283
6.3	0.4979964492	0.4915893609	0.9895858101	0.6872575268	0.480403805	0.01109175012	0.02666787116	0.02614945999	0.03585012643	0.01755748302
6.4	0.497516794	0.4920690161	0.9895858101	0.689477923	0.4777199891	0.01116593963	0.02615247309	0.02614945999	0.03367656395	0.01448749643
6.5	0.4970726685	0.4925131416	0.9895858101	0.6918306724	0.4749044599	0.01146187592	0.02543337751	0.02614945999	0.033231207	0.01339181596
6.6	0.4969984821	0.492587328	0.9895858101	0.693123722	0.473383304	0.01200985218	0.02447750582	0.02614945999	0.03481064022	0.01538570786
6.7	0.4973673308	0.4922184793	0.9895858101	0.6934279004	0.4730585647	0.01264217486	0.0232332054	0.02614945999	0.03648181922	0.01720167046
6.8	0.4979461749	0.4916396352	0.9895858101	0.6934411627	0.4730366886	0.01318893991	0.02174739885	0.02614945999	0.03668683912	0.01778679044
6.9	0.4983862036	0.4911996064	0.9895858101	0.6940050049	0.4723185288	0.01370979567	0.02017556247	0.02614945999	0.0361906568	0.01814503736
7.0	0.4984212586	0.4911645515	0.9895858101	0.6952838195	0.4707736651	0.01427055978	0.01877429571	0.02614945999	0.03668521029	0.01911961819
7.1	0.4979533352	0.4916324749	0.9895858101	0.6957848744	0.4701709939	0.01478534948	0.01768797234	0.02614945999	0.0378278839	0.02085961061
7.2	0.4970472571	0.492538553	0.9895858101	0.6949934698	0.4711066752	0.01532141779	0.01688760491	0.02614945999	0.03794028122	0.02145307977
7.3	0.4958643941	0.493721416	0.9895858101	0.6943527536	0.4718793927	0.01596739145	0.01632529178	0.02614945999	0.03762792042	0.02096060804
7.4	0.4945204304	0.4950653797	0.9895858101	0.6944337615	0.4718186381	0.01674458071	0.01598540561	0.02614945999	0.03756635161	0.01996018265
7.5	0.4932307719	0.4963550382	0.9895858101	0.6944584412	0.471822196	0.0176979522	0.01588687129	0.02614945999	0.03693224137	0.01798290672
7.6	0.4924329786	0.4971528315	0.9895858101	0.6936587357	0.4727805027	0.01874153507	0.01596225935	0.02614945999	0.03593862508	0.01628745394
7.7	0.4923754846	0.4972103255	0.9895858101	0.6923117467	0.4743891815	0.01964882324	0.01612302759	0.02614945999	0.0353386113	0.01548164891
7.8	0.4928507208	0.4967350893	0.9895858101	0.6914395867	0.4754318303	0.02017516858	0.01637948676	0.02614945999	0.03479682315	0.01454293321
7.9	0.4933951574	0.4961906527	0.9895858101	0.690994308	0.4759616118	0.02010233527	0.01675039611	0.02614945999	0.03425283921	0.01350648588
8.0	0.4937285005	0.4958573096	0.9895858101	0.6900393515	0.4771066126	0.01930327822	0.01716559795	0.02614945999	0.03424637545	0.01344670538
8.1	0.4938901644	0.4956956457	0.9895858101	0.6886114566	0.4788485788	0.01795981757	0.01763479711	0.02614945999	0.03468914303	0.01316033375
8.2	0.4939700687	0.4956157414	0.9895858101	0.6879031331	0.4797089141	0.0165751164	0.01823190198	0.02614945999	0.03518004978	0.01372005992
8.3	0.494098338	0.4954874721	0.9895858101	0.6885779151	0.4788709521	0.01558048402	0.0188378282	0.02614945999	0.03528419984	0.015042193
8.4	0.4944969167	0.4950888934	0.9895858101	0.6900022312	0.4771164644	0.01491729602	0.01926108544	0.02614945999	0.03463290843	0.0154986357
8.5	0.4953098976	0.4942759125	0.9895858101	0.6907448334	0.4761748156	0.01426741559	0.0194723241	0.02614945999	0.03309360531	0.01442313228
8.6	0.4964948388	0.4930909713	0.9895858101	0.689973898	0.477079055	0.01347906593	0.01958697013	0.02614945999	0.03207773925	0.01317145646
8.7	0.497752645	0.4918331651	0.9895858101	0.6879607833	0.4795089965	0.01263500161	0.01968449426	0.02614945999	0.03229198754	0.01278208108
8.8	0.4985679516	0.4910178585	0.9895858101	0.6861452173	0.4816790375	0.01189568569	0.01975437077	0.02614945999	0.03273477886	0.01364553298
8.9	0.4985873259	0.4909984842	0.9895858101	0.6857092004	0.482156025	0.01139429056	0.01968323696	0.02614945999	0.03292065697	0.01555527577
9.0	0.4979494915	0.4916363186	0.9895858101	0.6858913752	0.4818855679	0.01132231022	0.01934661936	0.02614945999	0.03250752566	0.01660329305
9.1	0.4972282562	0.4923575539	0.9895858101	0.6862379291	0.4814542066	0.01188238347	0.01873442831	0.02614945999	0.03150372646	0.01554746768
9.2	0.4971231707	0.4924626394	0.9895858101	0.6873944455	0.4800962738	0.01298547618	0.01795155157	0.02614945999	0.03092602017	0.01368361343
9.3	0.4979652916	0.4916205185	0.9895858101	0.6887137624	0.4785332059	0.01425658144	0.01718206043	0.02614945999	0.03056825207	0.01235172371
9.4	0.4993280738	0.4902577363	0.9895858101	0.6887285545	0.4784885916	0.01541059267	0.01644704244	0.02614945999	0.02915740919	0.01039283923
9.5	0.5003797021	0.489206108	0.9895858101	0.6875089927	0.4799071631	0.01641926459	0.01566698285	0.02614945999	0.02717750038	0.007334961014
9.6	0.5005998748	0.4889859353	0.9895858101	0.6863728579	0.4812377263	0.01726023718	0.01497677523	0.02614945999	0.02610726896	0.005624807474
9.7	0.50013417	0.4894516401	0.9895858101	0.6856142343	0.4821548554	0.01770632582	0.01460705589	0.02614945999	0.02655330262	0.006160843728
9.8	0.4995175761	0.490068234	0.9895858101	0.6843234953	0.4837442737	0.01759806211	0.01459033667	0.02614945999	0.02840243617	0.008377376549
9.9	0.4991414876	0.4904443225	0.9895858101	0.6823525728	0.4861297958	0.01703896177	0.01480682292	0.02614945999	0.03013508463	0.01062598371
10.0	0.4990932145	0.4904925956	0.9895858101	0.6810601389	0.4876964824	0.01630134073	0.01508499281	0.02614945999	0.03077925008	0.01061176752
10.1	0.499319327	0.4902664831	0.9895858101	0.6806454254	0.4881970482	0.01559920022	0.01526810811	0.02614945999	0.03114785517	0.01103597941
10.2	0.4997955199	0.4897902902	0.9895858101	0.6805562678	0.488256553	0.01501036016	0.01531457953	0.02614945999	0.03087139122	0.01240587867
10.3	0.5004118827	0.4891739274	0.9895858101	0.6812789776	0.4873120608	0.01466277701	0.0153319458	0.02614945999	0.02954002289	0.01327271244
10.4	0.5007993748	0.4887864353	0.9895858101	0.6826613568	0.4855977013	0.01471330137	0.01545058983	0.02614945999	0.02814180573	0.01354791613
10.5	0.5004969019	0.4890889081	0.9895858101	0.6835800109	0.4844739225	0.01512263173	0.01564640711	0.02614945999	0.02712107675	0.01301254255
10.6	0.4994219974	0.4901638127	0.9895858101	0.6836883266	0.4843514984	0.0157184759	0.01580478597	0.02614945999	0.02701876393	0.01263180252
10.7	0.4980365509	0.4915492592	0.9895858101	0.6830874012	0.4850833115	0.01639557631	0.01592461493	0.02614945999	0.02771314054	0.01324749143
10.8	0.4968414336	0.4927443764	0.9895858101	0.6828563563	0.4853784619	0.01695407902	0.01603810036	0.02614945999	0.0280796153	0.01312870545
10.9	0.4958960034	0.4936898067	0.9895858101	0.6838215309	0.4842798147	0.01717869624	0.01613118835	0.02614945999	0.02845959097	0.01180668909
11.0	0.4950212206	0.4945645895	0.9895858101	0.6850142235	0.4829365625	0.01726238618	0.01608487813	0.02614945999	0.0294061019	0.01027833552
11.1	0.4942729076	0.4953129024	0.9895858101	0.6858325172	0.4820019766	0.01752195275	0.01572821403	0.02614945999	0.03064782532	0.01120206955
11.2	0.4939900066	0.4955958034	0.9895858101	0.6867735245	0.48089633	0.01789567854	0.01508556608	0.02614945999	0.03185197504	0.01302132922
11.3	0.4944203471	0.495165463	0.9895858101	0.6879201019	0.4795903983	0.01804351295	0.01426303023	0.02614945999	0.03338296933	0.01365753765
11.4	0.4953630975	0.4942227126	0.9895858101	0.6887594979	0.4786602111	0.01780559236	0.01342410719	0.02614945999	0.03529132874	0.01482263136
11.5	0.4962161104	0.4933696997	0.9895858101	0.6886587478	0.4788186225	0.01735049262	0.01284585544	0.02614945999	0.03678044503	0.01640664459
11.6	0.4964562919	0.4931295182	0.9895858101	0.6879571977	0.4796883968	0.01698270347	0.01267525464	0.02614945999	0.03772464878	0.01717967799
11.7	0.4960669436	0.4935188665	0.9895858101	0.6876930749	0.4800246922	0.01692834322	0.01280290801	0.02614945999	0.03809596414	0.01726399921
11.8	0.4954817249	0.4941040852	0.9895858101	0.6881504253	0.4794834155	0.01709480108	0.0131288234	0.02614945999	0.03839690073	0.01769749451
11.9	0.4952193429	0.4943664672	0.9895858101	0.6888077404	0.4787056397	0.01718898322	0.01372070341	0.02614945999	0.03890847765	0.01837611855
12.0	0.4955384826	0.4940473275	0.9895858101	0.689274142	0.4781636112	0.01713891263	0.01450901731	0.02614945999	0.03890913851	0.01788525062
12.1	0.4963614816	0.4932243285	0.9895858101	0.6899309595	0.4773840117	0.01704451223	0.01529939747	0.02614945999	0.03873378733	0.01734066329
12.2	0.4973957559	0.4921900542	0.9895858101	0.6917530859	0.4751778679	0.01700832218	0.01597406153	0.02614945999	0.03930474792	0.01900264058
12.3	0.4983069749	0.4912788352	0.9895858101	0.6952244232	0.4709771917	0.01709830606	0.01648861723	0.02614945999	0.04005134206	0.02098881613
12.4	0.4988441585	0.4907416515	0.9895858101	0.698794722	0.4666718646	0.01732610738	0.01684788188	0.02614945999	0.04036885835	0.02141628367
12.5	0.4987558943	0.4908299158	0.9895858101	0.6995993139	0.465740237	0.01755020038	0.01712257564	0.02614945999	0.040937309	0.02129504729
12.6	0.4977944683	0.4917913418	0.9895858101	0.6969781365	0.4689126567	0.01742932298	0.01735041664	0.02614945999	0.04016974018	0.01986967409
12.7	0.4960472467	0.4935385634	0.9895858101	0.6941708884	0.4722094872	0.01678613737	0.01751856904	0.02614945999	0.03674835687	0.01620750339
12.8	0.494100388	0.4954854221	0.9895858101	0.6925738119	0.4739924061	0.01588548937	0.01784965364	0.02614945999	0.03289654621	0.01351936644
12.9	0.4926724386	0.4969133715	0.9895858101	0.6907451729	0.476098188	0.01523656861	0.01866708058	0.02614945999	0.03063140474	0.01250228079
13.0	0.4921616506	0.4974241594	0.9895858101	0.6892915152	0.4778552274	0.01521197444	0.01991374046	0.02614945999	0.03112467175	0.01288484357
13.1	0.492554462	0.4970313481	0.9895858101	0.6891558341	0.4780808257	0.01584164475	0.02117963808	0.02614945999	0.03390797323	0.01588613204
13.2	0.4935984961	0.495987314	0.9895858101	0.689701063	0.4774820642	0.01688263254	0.02204897574	0.02614945999	0.03686995677	0.01927211919
13.3	0.494949633	0.4946361771	0.9895858101	0.6899591133	0.4772030473	0.01806697626	0.02236604863	0.02614945999	0.03875085539	0.02139946101
13.4	0.4961276581	0.493458152	0.9895858101	0.689577344	0.4776778558	0.01909749372	0.02213587421	0.02614945999	0.03956532865	0.02218117209
13.5	0.4965304769	0.4930553332	0.9895858101	0.6883049158	0.4792064195	0.01967048742	0.02131261415	0.02614945999	0.03967306301	0.02220275029
13.6	0.4958132788	0.4937725312	0.9895858101	0.6870064006	0.4807658006	0.01971322447	0.0200443621	0.02614945999	0.03960883274	0.02196011165
13.7	0.4941129538	0.4954728563	0.9895858101	0.6866408651	0.4812195053	0.0194802164	0.01884206554	0.02614945999	0.03945229423	0.02131838334
13.8	0.4920287386	0.4975570715	0.9895858101	0.6865512762	0.4812939156	0.01926054007	0.01812930737	0.02614945999	0.03830157695	0.0202702635
13.9	0.4904929924	0.4990928177	0.9895858101	0.6867125852	0.4810028946	0.01914103808	0.01796417948	0.02614945999	0.03573205688	0.01869408317
14.0	0.4902279292	0.4993578809	0.9895858101	0.6876268121	0.4798303089	0.01900329636	0.01819780132	0.02614945999	0.03365114762	0.017567513
14.1	0.4911964897	0.4983893204	0.9895858101	0.6901020172	0.4768406818	0.0186944088	0.01852523128	0.02614945999	0.03196933621	0.01567541761
14.2	0.4927145943	0.4968712158	0.9895858101	0.6943134488	0.4717635638	0.01819933756	0.01847917309	0.02614945999	0.02948369048	0.01188691657
14.3	0.4941062718	0.4954795383	0.9895858101	0.6972502412	0.4681801086	0.01768790618	0.01787659773	0.02614945999	0.02747545462	0.009534422484
14.4	0.4951848261	0.494400984	0.9895858101	0.6961891768	0.4694303155	0.01738480721	0.01699174745	0.02614945999	0.02715111208	0.01036742614
14.5	0.4960569891	0.493528821	0.9895858101	0.6927826018	0.4735375923	0.01739340671	0.01618642633	0.02614945999	0.02799810064	0.0118818818
14.6	0.4967600109	0.4928257992	0.9895858101	0.6898140829	0.4771259183	0.01750297951	0.01565847933	0.02614945999	0.02858800627	0.01192206744
14.7	0.4971007884	0.4924850217	0.9895858101	0.6875672216	0.479806904	0.01734361259	0.01541414838	0.02614945999	0.0280185868	0.01109532128
14.8	0.4968075609	0.4927782492	0.9895858101	0.6862095261	0.4813802232	0.01678424762	0.01540451101	0.02614945999	0.02640575874	0.009986898103
14.9	0.4959097527	0.4936760574	0.9895858101	0.6866797491	0.4807969497	0.01614444759	0.0156526366	0.02614945999	0.02546325063	0.009056351226
15.0	0.4947524063	0.4948334038	0.9895858101	0.6885315529	0.4786381389	0.01585676757	0.01613068383	0.02614945999	0.02647514957	0.008375461506
15.1	0.4935863512	0.4959994589	0.9895858101	0.6897818541	0.4772398069	0.01597858121	0.01685025387	0.02614945999	0.02870571903	0.008419357608
15.2	0.492544124	0.4970416861	0.9895858101	0.689768512	0.4772937937	0.01618880612	0.01790745441	0.02614945999	0.03031108475	0.01044621721
15.3	0.4919557227	0.4976300874	0.9895858101	0.6896797698	0.4774044271	0.01617061428	0.01918469467	0.02614945999	0.03121160367	0.01222613393
15.4	0.4921642129	0.4974215972	0.9895858101	0.6903062382	0.4766868261	0.0158444944	0.02048774214	0.02614945999	0.03322227245	0.01496196633
15.5	0.4930316439	0.4965541662	0.9895858101	0.6918499245	0.47487132	0.01529000235	0.02173659508	0.02614945999	0.03553582188	0.01793323707
15.6	0.4938937397	0.4956920704	0.9895858101	0.693638537	0.4727205864	0.01473620601	0.02292221369	0.02614945999	0.03562380623	0.01811974709
15.7	0.4939447732	0.4956410369	0.9895858101	0.6937550168	0.4725335219	0.01447057258	0.02394473907	0.02614945999	0.03394209695	0.01660976346
15.8	0.4927955531	0.496790257	0.9895858101	0.6916358247	0.4750446551	0.0143960624	0.02452539123	0.02614945999	0.03262479139	0.01536038897
15.9	0.4908773881	0.498708422	0.9895858101	0.6886694548	0.4786106514	0.01416237369	0.02440328748	0.02614945999	0.03256957572	0.01484549856
16.0	0.489177713	0.5004080971	0.9895858101	0.6860712592	0.4817283647	0.01366331305	0.02359859544	0.02614945999	0.0331190467	0.01544907649
16.1	0.48857555	0.5010102601	0.9895858101	0.6851685707	0.482811455	0.01311772318	0.02254326068	0.02614945999	0.03356785375	0.01613725019
16.2	0.489364705	0.500221105	0.9895858101	0.6860403716	0.4817903815	0.01272663896	0.02178107596	0.02614945999	0.0335649862	0.01564137943
16.3	0.4912205179	0.4983652922	0.9895858101	0.6873767348	0.4801962781	0.01260380137	0.02141470367	0.02614945999	0.03298070836	0.01461941371
16.4	0.4934799408	0.4961058693	0.9895858101	0.689025608	0.4781631199	0.0128410431	0.02117330119	0.02614945999	0.03144193325	0.01399679526
16.5	0.4955722539	0.4940135562	0.9895858101	0.6916107553	0.4749353348	0.01335129235	0.02101552191	0.02614945999	0.02896957596	0.01427370418
16.6	0.4971642905	0.4924215196	0.9895858101	0.6941791885	0.4717268986	0.01401503721	0.02114913039	0.02614945999	0.02745318822	0.01601051765
16.7	0.4979374695	0.4916483406	0.9895858101	0.6945955802	0.4711846401	0.01471112519	0.02153813984	0.02614945999	0.02837436764	0.01848019379
16.8	0.4976826478	0.4919031623	0.9895858101	0.6931615814	0.4728901213	0.015229697	0.02188430765	0.02614945999	0.02906391473	0.0198616529
16.9	0.4966271551	0.492958655	0.9895858101	0.6921123158	0.4741179348	0.01545502	0.02192856639	0.02614945999	0.02849735684	0.01999983868
17.0	0.4954417093	0.4941441008	0.9895858101	0.6915978281	0.4747230421	0.0154968863	0.02162087421	0.02614945999	0.02796089	0.01960714411
17.1	0.4948056955	0.4947801145	0.9895858101	0.6914082752	0.4749637227	0.01549313254	0.02103092432	0.02614945999	0.02807904986	0.01931456455
17.2	0.49498945	0.4945963601	0.9895858101	0.6914484796	0.4749920619	0.01539361058	0.02027326894	0.02614945999	0.02913128825	0.01852083423
17.3	0.4958270683	0.4937587418	0.9895858101	0.6911729195	0.4754656839	0.01516598058	0.01954515322	0.02614945999	0.03074089065	0.01661260191
17.4	0.4970134033	0.4925724068	0.9895858101	0.6905044908	0.4763905711	0.01498375884	0.01900233888	0.02614945999	0.03242101211	0.01544782531
17.5	0.4982918255	0.4912939846	0.9895858101	0.6895430919	0.4776182373	0.01505105324	0.01868759802	0.02614945999	0.03466418234	0.01695452246
17.6	0.4995034654	0.4900823447	0.9895858101	0.6883993363	0.4790533137	0.01543446254	0.01853957231	0.02614945999	0.03655138518	0.0182203391
17.7	0.5004725845	0.4891132256	0.9895858101	0.6874272718	0.4802613194	0.01603308156	0.01837103839	0.02614945999	0.03690720524	0.01753290557
17.8	0.5009866958	0.4885991143	0.9895858101	0.686751132	0.4810565376	0.0166168881	0.01810088827	0.02614945999	0.03600367667	0.01634358215
17.9	0.5008848434	0.4887009667	0.9895858101	0.6876055138	0.4800111301	0.01691771965	0.01783577668	0.02614945999	0.03571945923	0.01667518665
18.0	0.5001998884	0.4893859217	0.9895858101	0.6903724559	0.4767136302	0.01687194953	0.01760097703	0.02614945999	0.03686050556	0.01829968159
18.1	0.4993132465	0.4902725636	0.9895858101	0.6925216373	0.4741367893	0.01661163111	0.01731575437	0.02614945999	0.03775140041	0.01975227317
18.2	0.4986335706	0.4909522395	0.9895858101	0.6925778268	0.4740395721	0.01622190812	0.0170200041	0.02614945999	0.03769519977	0.02046044024
18.3	0.498127979	0.4914578311	0.9895858101	0.6916074664	0.4751727516	0.01575170377	0.01675494538	0.02614945999	0.03680506029	0.01991248247
18.4	0.4975607032	0.4920251069	0.9895858101	0.6912832179	0.475520871	0.01530937016	0.01642841544	0.02614945999	0.03588266731	0.01956096715
18.5	0.4970252285	0.4925605816	0.9895858101	0.6919461091	0.4746738001	0.01497690521	0.01588170083	0.02614945999	0.03449815288	0.01881550721
18.6	0.4970478653	0.4925379448	0.9895858101	0.6920920825	0.4744793183	0.01475986404	0.01506731848	0.02614945999	0.03250010803	0.01616089655
18.7	0.4981078968	0.4914779133	0.9895858101	0.6907086971	0.4761634619	0.01467030995	0.01425243535	0.02614945999	0.03145090028	0.01333012309
18.8	0.4999735627	0.4896122473	0.9895858101	0.689285597	0.4778957563	0.01476101227	0.0137925754	0.02614945999	0.03207090485	0.01340048705
18.9	0.5018295913	0.4877562187	0.9895858101	0.6889469245	0.4783018755	0.01495034806	0.01387320419	0.02614945999	0.03269441844	0.01453252447
19.0	0.5028846236	0.4867011864	0.9895858101	0.6886649637	0.4785994077	0.01508412009	0.01446421821	0.02614945999	0.03183709191	0.0142786583
19.1	0.5027938782	0.4867919319	0.9895858101	0.6878614696	0.4794785018	0.01496106684	0.01537034655	0.02614945999	0.03077108615	0.01512696573
19.2	0.5016832372	0.4879025729	0.9895858101	0.6868137459	0.4806346404	0.01431417146	0.01642924815	0.02614945999	0.03043101664	0.01755321953
19.3	0.4998127244	0.4897730857	0.9895858101	0.6858797256	0.4817120471	0.01300319875	0.01762330394	0.02614945999	0.02995255463	0.01800577015
19.4	0.4974613896	0.4921244205	0.9895858101	0.685187969	0.4825847115	0.01128919679	0.01899244919	0.02614945999	0.02892778158	0.0150657197
19.5	0.4950409909	0.4945448192	0.9895858101	0.6849982304	0.482875005	0.009822178757	0.02038348583	0.02614945999	0.02816044118	0.01121521542
19.6	0.4931930751	0.496392735	0.9895858101	0.6852721889	0.4825888502	0.009214460271	0.02146519851	0.02614945999	0.02831122467	0.009609299443
19.7	0.4925674813	0.4970183288	0.9895858101	0.6854786737	0.4823742479	0.009679476564	0.02198876813	0.02614945999	0.0293412278	0.01047903888
19.8	0.4933484579	0.4962373522	0.9895858101	0.6847918751	0.4832492386	0.01081343854	0.02193252852	0.02614945999	0.03122490737	0.01210997587
19.9	0.4951780069	0.4944078032	0.9895858101	0.6838008579	0.4845110416	0.01198506205	0.02145748257	0.02614945999	0.03387517245	0.01436412873
20.0	0.4975457404	0.4920400697	0.9895858101	0.6839302379	0.4844192403	0.01290650164	0.02076268939	0.02614945999	0.03556663831	0.01553923494
20.1	0.5000339631	0.489551847	0.9895858101	0.6850140847	0.4831259694	0.01347332821	0.02011364627	0.02614945999	0.03492472862	0.01442191028
20.2	0.5022362428	0.4873495673	0.9895858101	0.6862631308	0.4815801286	0.01367215791	0.01982271138	0.02614945999	0.03302140671	0.0126017649
20.3	0.5035009238	0.4860848863	0.9895858101	0.6875587776	0.4799755882	0.01368598537	0.02005280693	0.02614945999	0.03178956183	0.01227956976
20.4	0.503054632	0.4865311781	0.9895858101	0.6888639996	0.478411944	0.01371895698	0.02064386799	0.02614945999	0.03207018158	0.01297615548
20.5	0.5006024456	0.4889833645	0.9895858101	0.689494139	0.4777039761	0.0137867065	0.02126395516	0.02614945999	0.03354798858	0.01420361574
20.6	0.4966539917	0.4929318184	0.9895858101	0.6890128712	0.4782919883	0.01378175447	0.02176129093	0.02614945999	0.03455296393	0.01567967222
20.7	0.4923943534	0.4971914566	0.9895858101	0.6879216555	0.4795519831	0.01371570421	0.02219342074	0.02614945999	0.03434169415	0.01671158919
20.8	0.4891863923	0.5003994178	0.9895858101	0.6867126057	0.4809549169	0.01364982392	0.02254636178	0.02614945999	0.03411713486	0.01756754348
20.9	0.487833299	0.5017525111	0.9895858101	0.6862426726	0.4815030265	0.01353735372	0.02257750244	0.02614945999	0.03456493463	0.01861982079
21.0	0.4882730501	0.50131276	0.9895858101	0.6875494072	0.4799273095	0.01324877946	0.02204032081	0.02614945999	0.0356476392	0.02062925672
21.1	0.4898839955	0.4997018146	0.9895858101	0.6890705899	0.4780654873	0.01281313274	0.02105654965	0.02614945999	0.03708221463	0.02359895228
21.2	0.4920038825	0.4975819276	0.9895858101	0.6889957569	0.4781529471	0.01236737093	0.02006093991	0.02614945999	0.03847288841	0.02541341282
21.3	0.494200924	0.4953848861	0.9895858101	0.6874901867	0.4800463683	0.01183520964	0.01942028924	0.02614945999	0.03962320611	0.02494919702
21.4	0.4960789578	0.4935068523	0.9895858101	0.6852865421	0.4827621959	0.0111603583	0.01923493236	0.02614945999	0.03961568554	0.02306103061
21.5	0.4973072379	0.4922785722	0.9895858101	0.6829309748	0.4855935843	0.01057838933	0.01939303009	0.02614945999	0.03773306108	0.01955745211
21.6	0.4979232538	0.4916625563	0.9895858101	0.6816092673	0.4871766556	0.01045880445	0.01978521627	0.02614945999	0.03616606888	0.01655341516
21.7	0.4982023518	0.4913834583	0.9895858101	0.6822547678	0.4864260556	0.01105019703	0.02024188599	0.02614945999	0.03650014483	0.01669743852
21.8	0.4983610082	0.4912248018	0.9895858101	0.6835266032	0.4848852016	0.01225415316	0.02051688312	0.02614945999	0.03670815361	0.01794195696
21.9	0.4984060483	0.4911797618	0.9895858101	0.6831370269	0.4852791334	0.01377255538	0.02052932614	0.02614945999	0.03461314257	0.01644381033
22.0	0.4981439893	0.4914418207	0.9895858101	0.6815473798	0.4870933388	0.0152640582	0.02043310233	0.02614945999	0.0312058788	0.01276579076
22.1	0.4974832865	0.4921025236	0.9895858101	0.6810377534	0.4876343296	0.01637033014	0.02041305919	0.02614945999	0.02868128877	0.01018405576
22.2	0.4966478294	0.4929379807	0.9895858101	0.6820982682	0.4863202895	0.01685579986	0.02042529112	0.02614945999	0.02773811299	0.01074102254
22.3	0.4960394132	0.4935463969	0.9895858101	0.6834608544	0.4846660742	0.0166644475	0.02032356274	0.02614945999	0.02789443901	0.01255945346
22.4	0.4961091414	0.4934766687	0.9895858101	0.6844874339	0.4834673708	0.01589724258	0.02009871805	0.02614945999	0.02862127648	0.01294472768
22.5	0.4970633475	0.4925224626	0.9895858101	0.6850522927	0.482848688	0.01489989023	0.01992802476	0.02614945999	0.02925989845	0.01185680382
22.6	0.4986103876	0.4909754225	0.9895858101	0.6853871609	0.4824953428	0.01429275813	0.01997944798	0.02614945999	0.0301365651	0.01163382328
22.7	0.500184774	0.4894010361	0.9895858101	0.685518915	0.4823826706	0.01445351757	0.02021118088	0.02614945999	0.03135905289	0.01233866129
22.8	0.5013745492	0.4882112609	0.9895858101	0.6853123105	0.4826514368	0.01504653382	0.02048278863	0.02614945999	0.03220959573	0.01321927466
22.9	0.5018691108	0.4877166993	0.9895858101	0.6849915561	0.4830319961	0.0154821041	0.02061536647	0.02614945999	0.0321356988	0.01314748458
23.0	0.5011330059	0.4884528042	0.9895858101	0.6850746371	0.4829311645	0.01534028948	0.02041075612	0.02614945999	0.03153888997	0.01191023005
23.1	0.4986982267	0.4908875834	0.9895858101	0.6858297581	0.4820207206	0.01459903134	0.01994657856	0.02614945999	0.03110844129	0.01130040389
23.2	0.4947740453	0.4948117648	0.9895858101	0.6879325011	0.47947918	0.01357941423	0.01948846797	0.02614945999	0.03083118239	0.01200751802
23.3	0.4903514183	0.4992343918	0.9895858101	0.6910181719	0.4757539178	0.01277796228	0.01923597885	0.02614945999	0.03082359285	0.01321142325
23.4	0.4868278359	0.5027579742	0.9895858101	0.6934929038	0.4727901318	0.01248277796	0.01925392901	0.02614945999	0.03198241802	0.01508733468
23.5	0.4852892771	0.504296533	0.9895858101	0.6942656789	0.4718907589	0.01237425849	0.01940426964	0.02614945999	0.03499071609	0.01921863867
23.6	0.4858983021	0.503687508	0.9895858101	0.6929689526	0.4734739602	0.01193768154	0.0194631315	0.02614945999	0.03795689629	0.02306905704
23.7	0.4880064903	0.5015793197	0.9895858101	0.6914235302	0.475380164	0.0110880767	0.01930433791	0.02614945999	0.03908013498	0.02356984382
23.8	0.4908010775	0.4987847326	0.9895858101	0.6914131098	0.4754386644	0.01023259497	0.01887389058	0.02614945999	0.03843164591	0.02158582132
23.9	0.4936834163	0.4959023938	0.9895858101	0.691843488	0.4748953956	0.009872199138	0.01826497575	0.02614945999	0.03544386641	0.01755981022
24.0	0.4962101504	0.4933756597	0.9895858101	0.6912975651	0.4754404943	0.01030567374	0.01765308357	0.02614945999	0.03152261447	0.01418617961
24.1	0.4980641642	0.4915216459	0.9895858101	0.6905057208	0.4762905675	0.01148362902	0.0171889372	0.02614945999	0.02945943877	0.01406878109
24.2	0.499050402	0.4905354081	0.9895858101	0.6908661666	0.4758429248	0.01292747053	0.01691499508	0.02614945999	0.02979026814	0.01514782588
24.3	0.499175732	0.4904100781	0.9895858101	0.6918638288	0.4746750267	0.01401975324	0.01667989656	0.02614945999	0.03106857458	0.01623858418
24.4	0.4986774059	0.4909084042	0.9895858101	0.692645839	0.4737801804	0.01443325578	0.01638063583	0.02614945999	0.03236296414	0.01691644725
24.5	0.497786235	0.4917995751	0.9895858101	0.6934649318	0.4728633729	0.01430489079	0.0161936233	0.02614945999	0.03397073688	0.01744831869
24.6	0.4965841239	0.4930016862	0.9895858101	0.6936897765	0.4726415561	0.01400580531	0.01644003053	0.02614945999	0.0354843303	0.01847609357
24.7	0.495242983	0.4943428271	0.9895858101	0.6932955098	0.4731016379	0.01385225086	0.01724770964	0.02614945999	0.03544729871	0.01879711565
24.8	0.4942820346	0.4953037754	0.9895858101	0.6927056092	0.4737773642	0.01408149201	0.01848726988	0.02614945999	0.0334582371	0.01648528461
24.9	0.4944654379	0.4951203722	0.9895858101	0.6922728028	0.4742710155	0.01474792726	0.01988750147	0.02614945999	0.03117278686	0.0131786303
25.0	0.4962528178	0.4933329923	0.9895858101	0.6923728714	0.4741297087	0.01555866759	0.02119860274	0.02614945999	0.02982508656	0.01122047117
