# (1)t	(2)P_1	(3)P_2	(4)trace	(5)purity	(6)vonNeumann_entropy
0.0	0.0	0.0	0.0	0.0	NaN
0.25	0.0	-3.195788212e-18	-3.195788212e-18	8.282397174e-18	-3.0755843539999997e-17
0.5	2.076086311e-17	0.0	2.076086311e-17	-5.705457139e-17	1.118372679e-16
0.75	4.645756974e-17	2.3592239269999996e-16	2.8237996249999997e-16	4.934313469e-17	2.3103709129999996e-16
1.0	5.179735119e-16	9.020562074999999e-17	6.081791326999999e-16	3.005618207e-16	3.9997158979999998e-16
1.25	5.329908895e-16	-4.857225733e-17	4.844186322e-16	8.783403737999999e-16	-5.340879614999999e-16
1.5	-5.034498129999999e-16	9.228728892e-16	4.194230762e-16	9.509192593e-16	-6.459060326999999e-16
1.75	6.069692508e-17	-1.1102230249999998e-16	-5.032537739e-17	2.1634663939999998e-16	-3.0826848549999996e-16
2.0	-5.752788148999999e-16	1.249000903e-15	6.737220877999999e-16	9.945564729e-16	-3.844360917e-16
2.25	2.5653514379999998e-17	7.424616476999999e-16	7.681151620999999e-16	1.315463994e-15	-6.311681369e-16
2.5	1.462315619e-17	0.0	1.462315619e-17	-4.351646653e-17	8.380113104e-17
2.75	-4.302014561e-16	1.6653345369999998e-16	-2.6366800249999997e-16	-3.76283354e-16	1.2030859369999998e-16
3.0	-9.738222154999999e-16	9.506284648e-16	-2.319375071e-17	-4.2835727329999994e-16	5.143917202999999e-16
3.25	-1.804804036e-15	9.089951014e-16	-8.958089344e-16	-1.702732531e-15	9.474516014999998e-16
3.5	-1.649884603e-15	4.579669977e-16	-1.191917605e-15	-1.299363013e-15	1.7861092619999998e-17
3.75	-3.112077687e-15	1.58206781e-15	-1.530009876e-15	-1.8217593e-15	2.1918917319999998e-16
4.0	-1.647559374e-15	1.4085954620000001e-15	-2.3896391149999996e-16	-3.0386196219999996e-16	5.898368996e-17
4.25	-4.942289371e-15	3.844147223e-15	-1.098142149e-15	-2.381097803e-15	1.548297889e-15
4.5	1.3398020760000001e-14	-1.4405143740000002e-14	-1.007122983e-15	-2.471942974e-15	1.794030674e-15
4.75	-4.096198446e-14	4.148070776e-14	5.187232992e-16	1.83955417e-14	-2.3127500270000002e-14
5.0	2.610469532e-14	-2.6381674620000002e-14	-2.769793041e-16	7.478318608000001e-15	-1.0086238030000002e-14
5.25	-2.61861614e-13	2.61866917e-13	5.303054183e-18	6.357713716e-15	-8.238588745e-15
5.5	1.721585921e-13	-1.676644934e-13	4.494098659e-15	7.219916769e-14	-8.733780573000001e-14
5.75	-1.972719935e-12	1.982289333e-12	9.569397196e-15	5.409741616e-14	-5.674021494e-14
6.0	1.435651231e-12	-1.419857287e-12	1.579394327e-14	2.92951831e-13	-3.578138642e-13
6.25	-1.256454111e-11	1.262497745e-11	6.043634625e-14	3.369127184e-13	-3.521960822e-13
6.5	8.359812104e-12	-8.577874522e-12	-2.18062418e-13	-2.413098975e-12	2.823952958e-12
6.75	-6.102668049e-11	6.083456655e-11	-1.92113944e-13	-6.49984138e-12	8.161174573e-12
7.0	5.956607147e-11	-6.214494891e-11	-2.578877439e-12	-3.219637915e-11	3.814230769e-11
7.25	-3.279097855e-10	3.26895476e-10	-1.014309517e-12	-2.475957325e-11	3.069201607e-11
7.5	3.148285573e-10	-3.203081619e-10	-5.479604681e-12	-7.734011505e-11	9.262771794e-11
7.75	-1.901245817e-9	1.899171861e-9	-2.073955947e-12	-3.659231616e-11	4.455379488e-11
8.0	1.322491471e-9	-1.308964021e-9	1.352745021e-11	1.397797542e-10	-1.623266335e-10
8.25	-1.04098376e-8	1.042608831e-8	1.625070211e-11	1.27875769e-10	-1.430668826e-10
8.5	5.830207248e-9	-5.712168918e-9	1.180383301e-10	1.281853722e-9	-1.497078713e-9
8.75	-4.914872068e-8	4.923012275e-8	8.140207239e-11	1.415700733e-9	-1.722125394e-9
9.0	1.081253472e-8	-9.579549862e-9	1.232984854e-9	9.117017098e-9	-1.009582337e-8
9.25	-9.454719141e-8	9.528791658e-8	7.407251719e-10	1.160973817e-8	-1.402014239e-8
9.5	7.39577889e-8	-6.251124632e-8	1.144654259e-8	5.050046001e-8	-4.94446594e-8
9.75	-3.424217554e-7	3.345961826e-7	-7.825572778e-9	3.134644766e-7	-4.175954283e-7
10.0	-1.438348914e-7	1.523113535e-7	8.476462154e-9	2.929822855e-7	-3.68154181e-7
10.25	-4.648940737e-8	1.340420001e-7	8.755259271e-8	-2.351637705e-7	4.279063999e-7
10.5	4.851281184e-7	-3.066556535e-7	1.784724649e-7	-8.152135018e-7	1.307912969e-6
10.75	4.052246141e-7	-1.510482828e-7	2.541763314e-7	-1.161112866e-6	1.86283637e-6
11.0	6.055727063e-7	-2.90434082e-7	3.151386242e-7	-1.385884917e-6	2.239955427e-6
11.25	2.961439234e-7	7.777907823e-8	3.739230016e-7	-1.147835341e-6	2.013652835e-6
11.5	4.270974051e-7	-2.76622894e-9	4.243311762e-7	-1.200075078e-6	2.152159773e-6
11.75	1.819807351e-7	2.949275305e-7	4.769082656e-7	-8.908581156e-7	1.824828431e-6
12.0	3.96177057e-7	1.2790749e-7	5.24084547e-7	-9.576948967e-7	1.977736979e-6
12.25	2.582135866e-7	3.162945906e-7	5.745081772e-7	-6.711683619e-7	1.676815175e-6
12.5	5.261891172e-7	9.398828737e-8	6.201774046e-7	-7.552583157e-7	1.849990881e-6
12.75	4.187711147e-7	2.506468975e-7	6.694180122e-7	-4.848239799e-7	1.568280938e-6
13.0	6.689526345e-7	4.518772954e-8	7.14140364e-7	-5.770144045e-7	1.750637007e-6
13.25	5.365421223e-7	2.260407568e-7	7.625828791e-7	-3.16422196e-7	1.48057149e-6
13.5	7.482286794e-7	5.842914166e-8	8.06657821e-7	-4.132448259e-7	1.668029168e-6
13.75	5.926324901e-7	2.619258712e-7	8.545583613e-7	-1.585383415e-7	1.404835239e-6
14.0	7.875622626e-7	1.106121626e-7	8.981744252e-7	-2.575552527e-7	1.594496609e-6
14.25	6.302377843e-7	3.155094562e-7	9.457472406e-7	-7.107338997e-9	1.336364207e-6
14.5	8.252000836e-7	1.638688944e-7	9.89068978e-7	-1.073961976e-7	1.527263739e-6
14.75	6.766542214e-7	3.597257269e-7	1.036379948e-6	1.407327413e-7	1.271769248e-6
15.0	8.763414975e-7	2.031542186e-7	1.079495716e-6	3.934705905e-8	1.463803785e-6
15.25	7.323729417e-7	3.942541179e-7	1.12662706e-6	2.85961235e-7	1.210019356e-6
15.5	9.314573379e-7	2.381424463e-7	1.169599784e-6	1.838347373e-7	1.402815394e-6
15.75	7.863650063e-7	4.302209167e-7	1.216585923e-6	4.293895534e-7	1.150198583e-6
16.0	9.818374992e-7	2.776219032e-7	1.259459402e-6	3.267620853e-7	1.343506459e-6
16.25	8.345846302e-7	4.717994217e-7	1.306384052e-6	5.716510237e-7	1.09166431e-6
16.5	1.027649846e-6	3.215402816e-7	1.349190127e-6	4.686826744e-7	1.285321039e-6
16.75	8.797429607e-7	5.16313382e-7	1.396056343e-6	7.13083495e-7	1.034027249e-6
17.0	1.072237258e-6	3.665787439e-7	1.438816001e-6	6.098820698e-7	1.227922438e-6
17.25	9.24815775e-7	5.608260729e-7	1.485641848e-6	8.539454323e-7	9.770069172e-7
17.5	1.117473654e-6	4.108957363e-7	1.528369391e-6	7.505845443e-7	1.171065142e-6
17.75	9.70537894e-7	6.04629396e-7	1.57516729e-6	9.944144233e-7	9.204104428e-7
18.0	1.163165476e-6	4.54707049e-7	1.617872525e-6	8.909441502e-7	1.114580506e-6
18.25	1.016284354e-6	6.483666466e-7	1.664651e-6	1.134612198e-6	8.641056376e-7
18.5	1.20861341e-6	4.987272723e-7	1.707340682e-6	1.031066861e-6	1.058352495e-6
18.75	1.06157933e-6	6.925262434e-7	1.754105574e-6	1.274622187e-6	8.080019457e-7
19.0	1.25362378e-6	5.431605791e-7	1.796784359e-6	1.171025518e-6	1.002301346e-6
19.25	1.106498618e-6	7.370410533e-7	1.843539672e-6	1.414501698e-6	7.520371787e-7
19.5	1.298413363e-6	5.877973819e-7	1.886210745e-6	1.310870082e-6	9.463723359e-7
19.75	1.151303999e-6	7.81655228e-7	1.932959227e-6	1.554290122e-6	6.961685623e-7
20.0	1.343190341e-6	6.324344327e-7	1.975624773e-6	1.450634806e-6	8.905279519e-7
20.25	1.196124106e-6	8.262442087e-7	2.022368315e-6	1.694014532e-6	6.403666931e-7
20.5	1.38799459e-6	6.770352386e-7	2.065029829e-6	1.590343191e-6	8.347424571e-7
20.75	1.240944128e-6	8.708255981e-7	2.111769727e-6	1.833693493e-6	5.846114057e-7
21.0	1.432782102e-6	7.216461315e-7	2.154428234e-6	1.730011371e-6	7.789981774e-7
21.25	1.285723962e-6	9.154414149e-7	2.201165377e-6	1.973339724e-6	5.288888853e-7
21.5	1.477527378e-6	7.662942061e-7	2.243821584e-6	1.869650433e-6	7.232829732e-7
21.75	1.330460588e-6	9.600959972e-7	2.290556585e-6	2.112961955e-6	4.731896577e-7
22.0	1.522242031e-6	8.109689466e-7	2.333210978e-6	2.009267984e-6	6.675885145e-7
22.25	1.37517491e-6	1.004769341e-6	2.379944251e-6	2.25256618e-6	4.175072124e-7
22.5	1.566946173e-6	8.556509882e-7	2.422597161e-6	2.148869233e-6	6.119090908e-7
22.75	1.419883037e-6	1.049445956e-6	2.469328992e-6	2.392156506e-6	3.618370838e-7
23.0	1.611648466e-6	9.003321784e-7	2.511980645e-6	2.288457752e-6	5.562407845e-7
23.25	1.464588254e-6	1.094122983e-6	2.558711237e-6	2.531735766e-6	3.061762008e-7
23.5	1.656347866e-6	9.450139223e-7	2.601361788e-6	2.428036004e-6	5.005809057e-7
23.75	1.509288441e-6	1.13880283e-6	2.648091271e-6	2.671305886e-6	2.505224642e-7
24.0	1.701042244e-6	9.896985896e-7	2.690740834e-6	2.567605674e-6	4.449276094e-7
24.25	1.553982998e-6	1.183486307e-6	2.737469305e-6	2.81086821e-6	1.948744259e-7
24.5	1.745732111e-6	1.034385837e-6	2.780117947e-6	2.707167918e-6	3.892796267e-7
24.75	1.598673558e-6	1.228171909e-6	2.826845467e-6	2.950423637e-6	1.392311e-7
25.0	1.790419284e-6	1.079073957e-6	2.869493241e-6	2.846723525e-6	3.3363609e-7
