# (1)t	# (2) P[6<--1](t)	# (3) P[6<--2](t)	# (4) P[6<--3](t)	# (5) P[6<--4](t)	# (6) P[6<--5](t)	# (7) P[6<--6](t)	# (8) P[6<--7](t)
0.0	0.0	0.0	0.0	0.0	0.0	0.0	0.0
1.0	6.652555045e-6	1.428569021e-9	4.112856303e-10	-2.288406266e-10	-1.515744609e-9	0.0	6.712781816e-10
2.0	2.657256311e-5	1.426357076e-8	4.102082312e-9	-2.285700161e-9	-1.513490305e-8	0.0	6.699895629e-9
3.0	5.965005346e-5	6.404940538e-8	1.839183319e-8	-1.026932705e-8	-6.79681283e-8	0.0	3.006988889e-8
4.0	0.00010570698	1.930268292e-7	5.53128926e-8	-3.09721074e-8	-2.048618054e-7	0.0	9.056067488e-8
5.0	0.000164499793	4.596578059e-7	1.313708267e-7	-7.382583204e-8	-4.879169176e-7	0.0	2.154712875e-7
6.0	0.0002357222724	9.37987594e-7	2.672219441e-7	-1.508297511e-7	-9.958436884e-7	0.0	4.392515076e-7
7.0	0.0003190087055	1.71685729e-6	4.872760439e-7	-2.76462253e-7	-1.823165305e-6	0.0	8.03048383e-7
8.0	0.0004139374113	2.89898068e-6	8.192332492e-7	-4.6757734e-7	-3.079284552e-6	0.0	1.354176979e-6
9.0	0.0005200345881	4.599899863e-6	1.293564543e-6	-7.432869604e-7	-4.887427716e-6	0.0	2.145524539e-6
10.0	0.0006367784452	6.946834637e-6	1.942946211e-6	-1.124830166e-6	-7.383480596e-6	0.0	3.23489752e-6
11.0	0.0007636035753	1.0077441e-5	2.801658795e-6	-1.635429997e-6	-1.071473173e-5	0.0	4.684321132e-6
12.0	0.0008999055225	1.413849424e-5	3.90496135e-6	-2.300138926e-6	-1.50385381e-5	0.0	6.559301051e-6
13.0	0.001045045498	1.928451193e-5	5.288451708e-6	-3.145673637e-6	-2.052092828e-5	0.0	8.928056791e-6
14.0	0.0011983552	2.567633238e-5	6.987423621e-6	-4.200239898e-6	-2.733515835e-5	0.0	1.186073639e-5
15.0	0.00135914169	3.347966347e-5	9.036230774e-6	-5.493348335e-6	-3.566023513e-5	0.0	1.542862137e-5
16.0	0.001526692283	4.2863616e-5	1.146766779e-5	-7.05562168e-6	-4.567942053e-5	0.0	1.970333087e-5
17.0	0.001700279417	5.399923601e-5	1.431237698e-5	-8.918594478e-6	-5.757873116e-5	0.0	2.475603327e-5
18.0	0.001879165455	6.705804936e-5	1.759829024e-5	-1.111450585e-5	-7.154544624e-5	0.0	3.065667361e-5
19.0	0.002062607386	8.221063004e-5	2.135011238e-5	-1.367608617e-5	-8.776663475e-5	0.0	3.747322342e-5
20.0	0.002249861397	9.96252052e-5	2.558885366e-5	-1.663633869e-5	-0.0001064277147	0.0	4.527096048e-5
21.0	0.002440187284	0.0001194663073	3.033141742e-5	-2.002831694e-5	-0.0001277110548	0.0	5.411178474e-5
22.0	0.002632852673	0.0001418934822	3.559024647e-5	-2.388489885e-5	-0.0001517946261	0.0	6.405357529e-5
23.0	0.002827137025	0.0001670600635	4.137303323e-5	-2.823855897e-5	-0.0001788507156	0.0	7.514959401e-5
24.0	0.003022335419	0.0001951120197	4.768249542e-5	-3.312113963e-5	-0.0002090447052	0.0	8.744793987e-5
25.0	0.003217762073	0.0002261868814	5.451621948e-5	-3.856362258e-5	-0.000242533927	0.0	0.0001009910574
26.0	0.003412753614	0.0002604127546	6.186657208e-5	-4.459590224e-5	-0.0002794665964	0.0	0.0001158153024
27.0	0.003606672059	0.000297907424	6.972067956e-5	-5.124656202e-5	-0.0003199808302	0.0	0.0001319505673
28.0	0.003798907528	0.0003387775511	7.806047401e-5	-5.854265529e-5	-0.0003642037532	0.0	0.0001494199675
29.0	0.003988880654	0.000383117969	8.686280382e-5	-6.650949217e-5	-0.0004122506942	0.0	0.0001682395901
30.0	0.004176044712	0.0004310110757	9.6099606e-5	-7.517043405e-5	-0.0004642244756	0.0	0.0001884183054
31.0	0.004359887447	0.0004825263285	0.0001057381365	-8.454669709e-5	-0.0005202147954	0.0	0.0002099576405
32.0	0.004539932618	0.0005377198365	0.0001157412541	-9.465716637e-5	-0.000580297704	0.0	0.0002328517156
33.0	0.004715741248	0.0005966340538	0.0001260677542	-0.0001055182222	-0.0006445351734	0.0	0.000257087241
34.0	0.004886912601	0.0006592975695	0.0001366727447	-0.0001171435801	-0.0007129747581	0.0	0.0002826435729
35.0	0.00505308488	0.000725724994	0.0001475080619	-0.0001295441456	-0.0007856493474	0.0	0.0003094928267
36.0	0.005213935661	0.0007959169378	0.0001585227177	-0.000142727886	-0.0008625770038	0.0	0.000337600046
37.0	0.005369182073	0.0008698600796	0.0001696633726	-0.0001566997193	-0.0009437608878	0.0	0.0003669234224
38.0	0.005518580741	0.0009475273211	0.0001808748302	-0.0001714614218	-0.001029189263	0.0	0.0003974145655
39.0	0.00566192749	0.001028878022	0.0001921005436	-0.0001870115567	-0.001118835582	0.0	0.000429018818
40.0	0.00579905684	0.001113858313	0.0002032831315	-0.0002033454217	-0.00121265864	0.0	0.0004616756136
41.0	0.005929841303	0.00120240148	0.0002143648943	-0.0002204550196	-0.001310602809	0.0	0.0004953188731
42.0	0.00605419048	0.001294428414	0.0002252883274	-0.0002383290503	-0.001412598325	0.0	0.0005298774347
43.0	0.006172050004	0.001389848124	0.0002359966242	-0.0002569529245	-0.001518561645	0.0	0.0005652755155
44.0	0.006283400315	0.001488558304	0.0002464341644	-0.0002763088016	-0.001628395859	0.0	0.0006014331991
45.0	0.006388255297	0.001590445949	0.0002565469833	-0.0002963756486	-0.001741991151	0.0	0.0006382669452
46.0	0.006486660799	0.001695388019	0.0002662832162	-0.000317129322	-0.001859225305	0.0	0.0006756901178
47.0	0.006578693035	0.001803252134	0.0002755935152	-0.0003385426716	-0.001979964266	0.0	0.0007136135263
48.0	0.006664456902	0.00191389731	0.000284431435	-0.0003605856659	-0.002104062721	0.0	0.0007519459772
49.0	0.006744084212	0.002027174711	0.000292753783	-0.0003832255374	-0.002231364728	0.0	0.0007905948307
50.0	0.006817731867	0.002142928434	0.0003005209338	-0.0004064269478	-0.002361704367	0.0	0.0008294665594
51.0	0.006885579976	0.002260996303	0.0003076971034	-0.0004301521719	-0.002494906418	0.0	0.0008684673039
52.0	0.006947829948	0.00238121067	0.0003142505835	-0.0004543612979	-0.002630787062	0.0	0.0009075034232
53.0	0.007004702552	0.002503399228	0.0003201539342	-0.0004790124439	-0.002769154596	0.0	0.0009464820345
54.0	0.007056435977	0.002627385823	0.0003253841345	-0.0005040619877	-0.002909810164	0.0	0.0009853115405
55.0	0.007103283879	0.002752991257	0.0003299226905	-0.0005294648092	-0.003052548501	0.0	0.00102390214
56.0	0.007145513461	0.002880034089	0.0003337557024	-0.0005551745431	-0.003197158676	0.0	0.00106216632
57.0	0.007183403556	0.003008331417	0.0003368738898	-0.0005811438398	-0.003343424851	0.0	0.001100019323
58.0	0.00721724276	0.003137699649	0.0003392725777	-0.0006073246326	-0.003491127033	0.0	0.001137379592
59.0	0.00724732759	0.003267955247	0.0003409516444	-0.0006336684092	-0.003640041828	0.0	0.001174169191
60.0	0.007273960707	0.003398915459	0.0003419154324	-0.0006601264852	-0.00378994319	0.0	0.001210314186
61.0	0.007297449186	0.003530399012	0.0003421726262	-0.0006866502784	-0.003940603171	0.0	0.001245745008
62.0	0.007318102849	0.003662226781	0.0003417360972	-0.0007131915795	-0.004091792653	0.0	0.001280396774
63.0	0.007336232674	0.003794222432	0.0003406227201	-0.0007397028201	-0.00424328208	0.0	0.001314209579
64.0	0.007352149269	0.003926213027	0.0003388531627	-0.000766137334	-0.004394842176	0.0	0.00134712875
65.0	0.007366161432	0.004058029591	0.0003364516526	-0.0007924496098	-0.004546244648	0.0	0.001379105064
66.0	0.007378574786	0.004189507647	0.0003334457227	-0.0008185955347	-0.004697262881	0.0	0.001410094934
67.0	0.0073896905	0.004320487715	0.0003298659402	-0.0008445326254	-0.004847672608	0.0	0.001440060552
68.0	0.007399804102	0.004450815768	0.0003257456208	-0.0008702202461	-0.004997252578	0.0	0.00146897
69.0	0.007409204369	0.004580343651	0.0003211205318	-0.0008956198121	-0.00514578519	0.0	0.001496797321
70.0	0.007418172318	0.004708929459	0.000316028587	-0.0009206949761	-0.005293057124	0.0	0.001523522557
71.0	0.007426980277	0.004836437881	0.0003105095367	-0.0009454117975	-0.00543885994	0.0	0.001549131749
72.0	0.00743589105	0.004962740493	0.0003046046555	-0.0009697388941	-0.005582990664	0.0	0.001573616902
73.0	0.00744515717	0.005087716026	0.0002983564298	-0.0009936475726	-0.005725252349	0.0	0.00159697592
74.0	0.007455020237	0.005211250581	0.0002918082491	-0.001017111941	-0.005865454617	0.0	0.001619212501
75.0	0.007465710348	0.005333237817	0.0002850041031	-0.001040108998	-0.006003414174	0.0	0.001640336012
76.0	0.007477445599	0.005453579094	0.0002779882855	-0.001062618707	-0.006138955302	0.0	0.001660361321
77.0	0.007490431688	0.005572183585	0.0002708051089	-0.001084624039	-0.006271910331	0.0	0.001679308613
78.0	0.007504861576	0.005688968345	0.0002634986308	-0.001106111006	-0.006402120077	0.0	0.001697203172
79.0	0.007520915241	0.005803858356	0.0002561123935	-0.001127068667	-0.006529434261	0.0	0.001714075148
80.0	0.007538759495	0.00591678653	0.0002486891784	-0.001147489113	-0.006653711896	0.0	0.001729959285
81.0	0.00755854788	0.006027693684	0.000241270777	-0.001167367437	-0.006774821652	0.0	0.001744894652
82.0	0.007580420623	0.006136528489	0.0002338977789	-0.00118670168	-0.006892642183	0.0	0.001758924336
83.0	0.007604504657	0.006243247379	0.0002266093784	-0.001205492761	-0.007007062436	0.0	0.00177209513
84.0	0.007630913704	0.00634781445	0.0002194431985	-0.001223744393	-0.007117981918	0.0	0.001784457208
85.0	0.00765974841	0.006450201316	0.0002124351355	-0.001241462974	-0.007225310945	0.0	0.001796063784
86.0	0.007691096533	0.006550386956	0.0002056192221	-0.001258657469	-0.007328970849	0.0	0.001806970764
87.0	0.00772503318	0.006648357528	0.0001990275098	-0.001275339284	-0.007428894155	0.0	0.001817236396
88.0	0.007761621088	0.006744106174	0.000192689971	-0.001291522113	-0.007525024732	0.0	0.001826920911
89.0	0.007800910941	0.006837632797	0.0001866344198	-0.001307221788	-0.007617317906	0.0	0.001836086163
90.0	0.00784294173	0.006928943824	0.0001808864507	-0.001322456111	-0.007705740534	0.0	0.001844795272
91.0	0.007887741142	0.007018051961	0.0001754693966	-0.001337244684	-0.007790271058	0.0	0.001853112265
92.0	0.007935325973	0.007104975923	0.0001704043025	-0.001351608725	-0.00787089951	0.0	0.001861101726
93.0	0.007985702577	0.007189740164	0.0001657099163	-0.001365570892	-0.007947627494	0.0	0.001868828453
94.0	0.008038867325	0.007272374587	0.0001614026952	-0.001379155089	-0.008020468126	0.0	0.001876357113
95.0	0.00809480709	0.007352914255	0.0001574968261	-0.00139238628	-0.008089445943	0.0	0.001883751925
96.0	0.008153499743	0.007431399089	0.0001540042601	-0.001405290299	-0.00815459678	0.0	0.001891076336
97.0	0.008214914661	0.007507873561	0.0001509347586	-0.001417893667	-0.008215967603	0.0	0.001898392725
98.0	0.008279013244	0.007582386389	0.0001482959513	-0.001430223399	-0.008273616324	0.0	0.001905762111
99.0	0.008345749435	0.007654990221	0.0001460934035	-0.001442306831	-0.008327611564	0.0	0.001913243884
100.0	0.008415070249	0.007725741326	0.0001443306936	-0.001454171439	-0.0083780324	0.0	0.001920895547
101.0	0.008486916295	0.007794699278	0.0001430094966	-0.001465844672	-0.00842496807	0.0	0.001928772483
102.0	0.008561222298	0.007861926648	0.0001421296759	-0.001477353791	-0.008468517649	0.0	0.001936927734
103.0	0.00863791762	0.007927488692	0.0001416893793	-0.001488725711	-0.008508789695	0.0	0.001945411802
104.0	0.008716926768	0.00799145305	0.0001416851402	-0.001499986865	-0.008545901866	0.0	0.001954272472
105.0	0.008798169898	0.008053889441	0.0001421119818	-0.001511163059	-0.008579980511	0.0	0.001963554651
106.0	0.00888156331	0.008114869371	0.0001429635233	-0.001522279358	-0.008611160228	0.0	0.001973300233
107.0	0.008967019923	0.008174465842	0.0001442320885	-0.001533359969	-0.008639583407	0.0	0.00198354798
108.0	0.009054449746	0.00823275307	0.0001459088134	-0.00154442814	-0.008665399738	0.0	0.001994333423
109.0	0.009143760327	0.008289806212	0.0001479837552	-0.001555506073	-0.008688765706	0.0	0.002005688794
110.0	0.009234857195	0.0083457011	0.0001504459985	-0.001566614846	-0.008709844062	0.0	0.002017642963
111.0	0.009327644269	0.008400513983	0.0001532837608	-0.001577774347	-0.008728803278	0.0	0.002030221406
112.0	0.009422024269	0.008454321281	0.0001564844952	-0.001589003226	-0.008745816983	0.0	0.002043446189
113.0	0.009517899096	0.008507199347	0.0001600349903	-0.001600318846	-0.008761063387	0.0	0.00205733597
114.0	0.009615170193	0.00855922424	0.0001639214663	-0.001611737264	-0.008774724693	0.0	0.002071906023
115.0	0.009713738895	0.008610471508	0.0001681296676	-0.001623273206	-0.0087869865	0.0	0.002087168273
116.0	0.009813506749	0.008661015981	0.000172644951	-0.001634940064	-0.008798037195	0.0	0.002103131355
117.0	0.009914375824	0.008710931583	0.0001774523691	-0.0016467499	-0.008808067346	0.0	0.002119800682
118.0	0.01001624899	0.00876029114	0.00018253675	-0.001658713457	-0.008817269084	0.0	0.002137178534
119.0	0.01011903019	0.008809166214	0.0001878827708	-0.001670840188	-0.008825835493	0.0	0.002155264155
120.0	0.01022262469	0.008857626941	0.000193475027	-0.001683138285	-0.008833959996	0.0	0.002174053864
121.0	0.01032693927	0.008905741884	0.0001992980967	-0.001695614717	-0.008841835746	0.0	0.002193541185
122.0	0.01043188249	0.00895357789	0.0002053365999	-0.001708275284	-0.008849655025	0.0	0.00221371697
123.0	0.01053736482	0.009001199972	0.0002115752523	-0.001721124665	-0.00885760865	0.0	0.002234569552
124.0	0.01064329886	0.009048671187	0.0002179989151	-0.001734166481	-0.008865885391	0.0	0.00225608489
125.0	0.01074959942	0.009096052536	0.0002245926392	-0.001747403359	-0.0088746714	0.0	0.002278246729
126.0	0.01085618375	0.009143402869	0.0002313417052	-0.001760837002	-0.008884149657	0.0	0.002301036759
127.0	0.01096297156	0.009190778808	0.0002382316592	-0.001774468257	-0.00889449943	0.0	0.002324434789
128.0	0.01106988519	0.009238234667	0.0002452483441	-0.001788297196	-0.008905895758	0.0	0.00234841891
129.0	0.01117684966	0.009285822397	0.0002523779265	-0.001802323188	-0.008918508951	0.0	0.002372965674
130.0	0.01128379276	0.009333591532	0.000259606921	-0.001816544975	-0.008932504113	0.0	0.002398050263
131.0	0.01139064506	0.009381589147	0.0002669222096	-0.001830960753	-0.00894804069	0.0	0.002423646665
132.0	0.01149734003	0.009429859826	0.0002743110588	-0.001845568247	-0.00896527204	0.0	0.002449727845
133.0	0.01160381399	0.009478445638	0.0002817611336	-0.001860364785	-0.008984345033	0.0	0.002476265917
134.0	0.01171000619	0.00952738612	0.0002892605079	-0.001875347376	-0.009005399681	0.0	0.00250323231
135.0	0.01181585876	0.009576718272	0.0002967976736	-0.001890512775	-0.009028568784	0.0	0.002530597931
136.0	0.01192131676	0.009626476559	0.0003043615466	-0.001905857557	-0.009053977626	0.0	0.002558333325
137.0	0.01202632813	0.009676692913	0.000311941471	-0.001921378178	-0.00908174368	0.0	0.002586408829
138.0	0.01213084368	0.009727396757	0.0003195272212	-0.001937071039	-0.009111976358	0.0	0.002614794718
139.0	0.01223481706	0.009778615018	0.0003271090032	-0.001952932538	-0.009144776792	0.0	0.002643461347
140.0	0.01233820472	0.009830372163	0.0003346774539	-0.001968959128	-0.009180237634	0.0	0.002672379286
141.0	0.01244096587	0.009882690224	0.0003422236388	-0.001985147358	-0.009218442905	0.0	0.002701519442
142.0	0.01254306242	0.009935588848	0.0003497390497	-0.002001493921	-0.009259467865	0.0	0.002730853185
143.0	0.01264445893	0.00998908533	0.0003572156007	-0.002017995687	-0.009303378913	0.0	0.002760352448
144.0	0.01274512256	0.01004319467	0.0003646456239	-0.002034649734	-0.009350233532	0.0	0.002789989837
145.0	0.01284502298	0.01009792962	0.0003720218641	-0.002051453378	-0.009400080247	0.0	0.002819738718
146.0	0.01294413233	0.01015330076	0.0003793374734	-0.002068404191	-0.009452958628	0.0	0.002849573305
147.0	0.01304242512	0.01020931651	0.0003865860054	-0.002085500017	-0.009508899318	0.0	0.00287946873
148.0	0.01313987818	0.01026598326	0.0003937614083	-0.002102738982	-0.009567924085	0.0	0.002909401115
149.0	0.0132364706	0.01032330539	0.000400858019	-0.0021201195	-0.009630045913	0.0	0.002939347622
150.0	0.01333218358	0.01038128534	0.0004078705563	-0.002137640274	-0.009695269113	0.0	0.002969286506
151.0	0.01342700046	0.01043992372	0.0004147941133	-0.00215530029	-0.009763589459	0.0	0.002999197152
152.0	0.01352090655	0.01049921931	0.0004216241514	-0.002173098809	-0.009834994357	0.0	0.003029060108
153.0	0.0136138891	0.01055916923	0.0004283564924	-0.002191035354	-0.009909463033	0.0	0.003058857106
154.0	0.0137059372	0.01061976894	0.0004349873116	-0.002209109695	-0.009986966738	0.0	0.003088571079
155.0	0.01379704172	0.01068101232	0.0004415131304	-0.002227321824	-0.01006746899	0.0	0.003118186163
156.0	0.01388719522	0.01074289181	0.000447930809	-0.002245671938	-0.01015092582	0.0	0.003147687705
157.0	0.01397639189	0.01080539841	0.0004542375391	-0.002264160407	-0.01023728605	0.0	0.00317706225
158.0	0.01406462745	0.01086852179	0.0004604308359	-0.002282787749	-0.01032649157	0.0	0.00320629753
159.0	0.01415189909	0.0109322504	0.0004665085309	-0.002301554596	-0.01041847765	0.0	0.003235382447
160.0	0.01423820542	0.01099657148	0.0004724687635	-0.002320461667	-0.01051317326	0.0	0.003264307043
161.0	0.01432354636	0.01106147118	0.0004783099738	-0.002339509727	-0.01061050139	0.0	0.003293062474
162.0	0.0144079231	0.01112693464	0.0004840308938	-0.002358699557	-0.0107103794	0.0	0.003321640976
163.0	0.01449133803	0.01119294602	0.0004896305396	-0.002378031918	-0.01081271939	0.0	0.003350035823
164.0	0.01457379467	0.01125948864	0.0004951082024	-0.002397507513	-0.01091742849	0.0	0.003378241288
165.0	0.01465529761	0.01132654498	0.0005004634402	-0.002417126954	-0.01102440932	0.0	0.003406252595
166.0	0.01473585246	0.0113940968	0.0005056960688	-0.002436890729	-0.01113356029	0.0	0.003434065875
167.0	0.01481546578	0.01146212521	0.0005108061525	-0.00245679916	-0.01124477599	0.0	0.003461678108
168.0	0.01489414503	0.01153061069	0.0005157939945	-0.00247685238	-0.01135794758	0.0	0.003489087077
169.0	0.01497189851	0.01159953322	0.000520660128	-0.002497050293	-0.01147296317	0.0	0.003516291315
170.0	0.01504873535	0.01166887229	0.0005254053055	-0.002517392548	-0.01158970814	0.0	0.003543290044
171.0	0.01512466539	0.01173860699	0.000530030489	-0.002537878509	-0.01170806559	0.0	0.003570083125
172.0	0.01519969921	0.01180871607	0.00053453684	-0.00255850723	-0.01182791667	0.0	0.003596671003
173.0	0.01527384801	0.011879178	0.0005389257084	-0.002579277431	-0.01194914093	0.0	0.003623054649
174.0	0.01534712366	0.011949971	0.0005431986224	-0.002600187476	-0.01207161671	0.0	0.003649235507
175.0	0.01541953856	0.01202107313	0.0005473572771	-0.002621235352	-0.01219522148	0.0	0.00367521544
176.0	0.01549110568	0.01209246232	0.0005514035239	-0.002642418657	-0.01231983219	0.0	0.003700996679
177.0	0.01556183848	0.01216411644	0.000555339359	-0.002663734581	-0.01244532559	0.0	0.003726581772
178.0	0.0156317509	0.01223601332	0.0005591669125	-0.002685179902	-0.01257157859	0.0	0.003751973533
179.0	0.01570085732	0.01230813081	0.0005628884373	-0.002706750971	-0.01269846855	0.0	0.003777174995
180.0	0.01576917251	0.01238044684	0.0005665062974	-0.002728443713	-0.01282587358	0.0	0.003802189369
181.0	0.01583671164	0.01245293945	0.0005700229571	-0.002750253619	-0.01295367287	0.0	0.003827019995
182.0	0.01590349021	0.0125255868	0.0005734409696	-0.002772175754	-0.01308174695	0.0	0.003851670309
183.0	0.01596952404	0.01259836726	0.0005767629663	-0.002794204753	-0.01320997796	0.0	0.003876143798
184.0	0.01603482926	0.01267125942	0.0005799916455	-0.002816334834	-0.01333824991	0.0	0.003900443971
185.0	0.01609942226	0.01274424213	0.0005831297621	-0.002838559802	-0.01346644891	0.0	0.003924574324
186.0	0.01616331968	0.0128172945	0.0005861801169	-0.002860873063	-0.01359446345	0.0	0.003948538313
187.0	0.01622653839	0.01289039599	0.0005891455468	-0.002883267636	-0.01372218457	0.0	0.003972339325
188.0	0.01628909545	0.01296352639	0.0005920289142	-0.002905736173	-0.01384950605	0.0	0.003995980654
189.0	0.01635100811	0.01303666586	0.0005948330985	-0.002928270973	-0.01397632466	0.0	0.004019465485
190.0	0.01641229377	0.01310979497	0.0005975609859	-0.002950864007	-0.01410254028	0.0	0.004042796872
191.0	0.01647296999	0.01318289469	0.0006002154615	-0.002973506935	-0.01422805609	0.0	0.004065977722
192.0	0.01653305443	0.01325594646	0.0006027994006	-0.002996191137	-0.01435277871	0.0	0.004089010787
193.0	0.01659256487	0.01332893216	0.0006053156608	-0.00301890773	-0.01447661831	0.0	0.004111898651
194.0	0.01665151915	0.01340183415	0.000607767075	-0.003041647604	-0.01459948877	0.0	0.004134643723
195.0	0.0167099352	0.01347463528	0.0006101564443	-0.003064401443	-0.01472130775	0.0	0.004157248233
196.0	0.01676783099	0.01354731893	0.0006124865316	-0.003087159758	-0.01484199681	0.0	0.004179714228
197.0	0.01682522452	0.01361986899	0.0006147600562	-0.003109912916	-0.01496148146	0.0	0.004202043573
198.0	0.0168821338	0.01369226988	0.000616979688	-0.003132651168	-0.01507969124	0.0	0.004224237953
199.0	0.01693857684	0.01376450658	0.0006191480435	-0.003155364685	-0.0151965598	0.0	0.004246298873
200.0	0.01699457163	0.01383656461	0.0006212676809	-0.003178043585	-0.01531202488	0.0	0.004268227668
201.0	0.01705013612	0.01390843007	0.0006233410971	-0.003200677967	-0.01542602839	0.0	0.004290025507
202.0	0.01710528822	0.01398008963	0.0006253707244	-0.003223257938	-0.01553851642	0.0	0.0043116934
203.0	0.01716004574	0.01405153051	0.0006273589279	-0.003245773652	-0.01564943924	0.0	0.004333232211
204.0	0.01721442645	0.01412274055	0.0006293080036	-0.00326821533	-0.01575875129	0.0	0.004354642666
205.0	0.01726844799	0.01419370813	0.0006312201769	-0.003290573298	-0.01586641119	0.0	0.004375925364
206.0	0.01732212787	0.01426442227	0.0006330976015	-0.003312838017	-0.01597238168	0.0	0.004397080792
207.0	0.0173754835	0.01433487253	0.0006349423589	-0.003335000102	-0.01607662963	0.0	0.004418109336
208.0	0.01742853211	0.01440504908	0.0006367564583	-0.003357050363	-0.01617912598	0.0	0.004439011293
209.0	0.0174812908	0.01447494267	0.0006385418369	-0.003378979821	-0.01627984569	0.0	0.004459786889
210.0	0.01753377647	0.01454454466	0.0006403003604	-0.003400779736	-0.01637876769	0.0	0.00448043629
211.0	0.01758600581	0.01461384696	0.0006420338243	-0.003422441637	-0.0164758748	0.0	0.004500959617
212.0	0.01763799534	0.01468284208	0.0006437439552	-0.003443957337	-0.0165711537	0.0	0.004521356958
213.0	0.01768976132	0.0147515231	0.0006454324124	-0.003465318959	-0.01666459482	0.0	0.004541628386
214.0	0.0177413198	0.01481988369	0.0006471007897	-0.003486518954	-0.01675619225	0.0	0.004561773971
215.0	0.01779268655	0.01488791807	0.0006487506179	-0.003507550122	-0.01684594369	0.0	0.00458179379
216.0	0.01784387708	0.01495562102	0.0006503833669	-0.003528405628	-0.01693385033	0.0	0.004601687945
217.0	0.01789490665	0.01502298789	0.0006520004482	-0.003549079014	-0.01701991677	0.0	0.004621456573
218.0	0.01794579018	0.01509001455	0.0006536032179	-0.003569564219	-0.01710415089	0.0	0.004641099857
219.0	0.01799654232	0.01515669745	0.0006551929789	-0.003589855586	-0.0171865638	0.0	0.004660618037
220.0	0.01804717737	0.01522303352	0.0006567709842	-0.003609947878	-0.01726716967	0.0	0.004680011422
221.0	0.01809770933	0.01528902026	0.0006583384394	-0.003629836279	-0.01734598566	0.0	0.004699280397
222.0	0.01814815182	0.01535465564	0.000659896506	-0.00364951641	-0.01742303181	0.0	0.004718425435
223.0	0.01819851815	0.01541993817	0.0006614463036	-0.003668984329	-0.01749833089	0.0	0.004737447101
224.0	0.01824882121	0.01548486682	0.0006629889136	-0.003688236538	-0.01757190832	0.0	0.004756346061
225.0	0.01829907357	0.01554944105	0.0006645253811	-0.003707269983	-0.01764379203	0.0	0.004775123086
226.0	0.01834928736	0.0156136608	0.0006660567178	-0.003726082061	-0.01771401236	0.0	0.004793779059
227.0	0.01839947436	0.01567752644	0.0006675839048	-0.003744670611	-0.01778260192	0.0	0.004812314979
228.0	0.01844964592	0.01574103881	0.0006691078948	-0.00376303392	-0.01784959548	0.0	0.004830731962
229.0	0.01849981298	0.01580419917	0.0006706296143	-0.003781170718	-0.01791502985	0.0	0.004849031243
230.0	0.01854998608	0.01586700919	0.0006721499658	-0.003799080169	-0.01797894375	0.0	0.004867214181
231.0	0.0186001753	0.01592947096	0.0006736698295	-0.003816761872	-0.01804137769	0.0	0.004885282254
232.0	0.01865039031	0.01599158696	0.0006751900655	-0.003834215852	-0.01810237387	0.0	0.004903237062
233.0	0.01870064034	0.01605336003	0.0006767115148	-0.003851442548	-0.01816197604	0.0	0.004921080324
234.0	0.01875093418	0.01611479339	0.0006782350009	-0.003868442812	-0.01822022938	0.0	0.004938813877
235.0	0.01880128016	0.0161758906	0.0006797613313	-0.003885217892	-0.0182771804	0.0	0.004956439671
236.0	0.01885168616	0.01623665557	0.0006812912975	-0.003901769423	-0.01833287679	0.0	0.004973959767
237.0	0.01890215963	0.0162970925	0.0006828256769	-0.003918099419	-0.01838736734	0.0	0.004991376331
238.0	0.01895270753	0.01635720593	0.0006843652324	-0.003934210254	-0.01844070182	0.0	0.00500869163
239.0	0.01900333639	0.01641700066	0.0006859107133	-0.003950104657	-0.01849293085	0.0	0.005025908026
240.0	0.01905405227	0.01647648179	0.0006874628553	-0.00396578569	-0.01854410578	0.0	0.005043027971
241.0	0.01910486078	0.01653565466	0.0006890223804	-0.003981256738	-0.01859427863	0.0	0.005060053997
242.0	0.01915576707	0.01659452487	0.0006905899968	-0.003996521495	-0.01864350195	0.0	0.005076988712
243.0	0.01920677583	0.01665309823	0.0006921663984	-0.004011583945	-0.01869182868	0.0	0.005093834791
244.0	0.0192578913	0.01671138079	0.0006937522648	-0.004026448348	-0.01873931214	0.0	0.005110594969
245.0	0.01930911728	0.01676937877	0.0006953482597	-0.004041119228	-0.01878600584	0.0	0.005127272033
246.0	0.01936045712	0.01682709861	0.0006969550312	-0.004055601349	-0.01883196341	0.0	0.005143868812
247.0	0.01941191373	0.01688454688	0.00069857321	-0.004069899703	-0.01887723854	0.0	0.005160388172
248.0	0.01946348957	0.01694173033	0.0007002034092	-0.004084019497	-0.01892188485	0.0	0.005176833002
249.0	0.01951518668	0.01699865585	0.0007018462225	-0.004097966127	-0.01896595579	0.0	0.005193206212
250.0	0.01956700668	0.01705533044	0.0007035022236	-0.004111745171	-0.01900950458	0.0	0.00520951072
251.0	0.01961895076	0.01711176121	0.0007051719646	-0.004125362365	-0.01905258412	0.0	0.005225749444
252.0	0.01967101972	0.01716795539	0.0007068559753	-0.004138823591	-0.01909524689	0.0	0.005241925294
253.0	0.01972321395	0.01722392025	0.0007085547613	-0.00415213486	-0.0191375449	0.0	0.005258041165
254.0	0.01977553342	0.01727966317	0.0007102688031	-0.004165302293	-0.01917952957	0.0	0.005274099929
255.0	0.01982797775	0.01733519154	0.000711998555	-0.004178332106	-0.01922125169	0.0	0.005290104421
256.0	0.01988054618	0.01739051283	0.0007137444432	-0.004191230599	-0.01926276135	0.0	0.005306057443
257.0	0.01993323758	0.01744563452	0.0007155068653	-0.004204004132	-0.01930410783	0.0	0.005321961743
258.0	0.01998605046	0.01750056409	0.0007172861889	-0.004216659115	-0.01934533959	0.0	0.00533782002
259.0	0.020038983	0.01755530903	0.0007190827501	-0.004229201995	-0.01938650417	0.0	0.005353634909
260.0	0.02009203304	0.01760987683	0.0007208968531	-0.004241639235	-0.01942764813	0.0	0.00536940898
261.0	0.0201451981	0.01766427494	0.0007227287686	-0.004253977306	-0.01946881702	0.0	0.005385144727
262.0	0.0201984754	0.01771851078	0.0007245787333	-0.004266222669	-0.0195100553	0.0	0.005400844567
263.0	0.02025186187	0.01777259171	0.0007264469491	-0.004278381765	-0.01955140629	0.0	0.005416510834
264.0	0.02030535413	0.01782652505	0.0007283335823	-0.004290461	-0.01959291214	0.0	0.005432145769
265.0	0.02035894857	0.01788031804	0.0007302387628	-0.004302466733	-0.01963461375	0.0	0.005447751525
266.0	0.02041264129	0.01793397784	0.0007321625843	-0.004314405265	-0.01967655077	0.0	0.005463330156
267.0	0.02046642818	0.01798751151	0.0007341051031	-0.004326282827	-0.01971876154	0.0	0.005478883614
268.0	0.02052030487	0.01804092604	0.0007360663385	-0.004338105568	-0.01976128303	0.0	0.005494413752
269.0	0.02057426679	0.01809422828	0.0007380462725	-0.004349879547	-0.01980415085	0.0	0.005509922314
270.0	0.02062830917	0.01814742497	0.0007400448498	-0.004361610722	-0.01984739918	0.0	0.005525410938
271.0	0.02068242705	0.01820052273	0.0007420619781	-0.004373304939	-0.01989106079	0.0	0.005540881152
272.0	0.02073661529	0.01825352804	0.000744097528	-0.004384967926	-0.01993516693	0.0	0.005556334375
273.0	0.02079086862	0.01830644724	0.0007461513338	-0.004396605282	-0.01997974741	0.0	0.005571771915
274.0	0.02084518158	0.01835928652	0.000748223194	-0.004408222473	-0.02002483051	0.0	0.005587194968
275.0	0.0208995486	0.01841205191	0.0007503128718	-0.00441982482	-0.02007044297	0.0	0.00560260462
276.0	0.02095396401	0.01846474928	0.0007524200958	-0.004431417494	-0.02011661002	0.0	0.005618001846
277.0	0.021008422	0.01851738434	0.000754544561	-0.004443005514	-0.02016335531	0.0	0.005633387512
278.0	0.02106291671	0.01856996261	0.00075668593	-0.004454593734	-0.02021070093	0.0	0.005648762376
279.0	0.02111744216	0.01862248945	0.0007588438336	-0.004466186844	-0.02025866743	0.0	0.005664127091
280.0	0.02117199235	0.01867497003	0.0007610178724	-0.004477789361	-0.02030727375	0.0	0.005679482203
281.0	0.02122656119	0.01872740931	0.0007632076179	-0.004489405626	-0.02035653729	0.0	0.005694828158
282.0	0.02128114258	0.01877981209	0.000765412614	-0.004501039804	-0.02040647385	0.0	0.005710165301
283.0	0.0213357304	0.01883218297	0.0007676323781	-0.004512695875	-0.0204570977	0.0	0.005725493883
284.0	0.02139031849	0.01888452634	0.0007698664031	-0.004524377633	-0.02050842151	0.0	0.00574081406
285.0	0.02144490071	0.01893684639	0.0007721141584	-0.004536088687	-0.02056045642	0.0	0.005756125898
286.0	0.02149947093	0.01898914713	0.0007743750921	-0.004547832455	-0.02061321203	0.0	0.005771429378
287.0	0.02155402305	0.01904143234	0.0007766486322	-0.004559612165	-0.02066669641	0.0	0.005786724395
288.0	0.02160855099	0.01909370561	0.0007789341885	-0.00457143085	-0.02072091612	0.0	0.00580201077
289.0	0.02166304873	0.01914597032	0.0007812311544	-0.004583291355	-0.02077587623	0.0	0.005817288246
290.0	0.02171751031	0.01919822964	0.0007835389084	-0.004595196328	-0.02083158032	0.0	0.005832556497
291.0	0.02177192982	0.01925048656	0.0007858568162	-0.004607148227	-0.02088803054	0.0	0.005847815131
292.0	0.02182630143	0.01930274382	0.0007881842321	-0.004619149316	-0.02094522761	0.0	0.005863063694
293.0	0.02188061943	0.01935500399	0.0007905205012	-0.004631201668	-0.02100317084	0.0	0.005878301673
294.0	0.02193487816	0.01940726941	0.0007928649607	-0.004643307165	-0.02106185818	0.0	0.005893528507
295.0	0.0219890721	0.01945954225	0.000795216942	-0.004655467503	-0.02112128623	0.0	0.00590874358
296.0	0.02204319582	0.01951182445	0.0007975757722	-0.004667684187	-0.02118145028	0.0	0.005923946238
297.0	0.02209724402	0.01956411776	0.0007999407761	-0.00467995854	-0.02124234435	0.0	0.005939135785
298.0	0.02215121154	0.01961642372	0.0008023112775	-0.004692291702	-0.02130396121	0.0	0.00595431149
299.0	0.02220509334	0.01966874371	0.0008046866011	-0.004704684632	-0.02136629242	0.0	0.005969472592
300.0	0.02225888453	0.01972107889	0.0008070660738	-0.004717138115	-0.02142932837	0.0	0.005984618304
301.0	0.02231258037	0.01977343023	0.0008094490266	-0.004729652758	-0.02149305833	0.0	0.005999747817
302.0	0.02236617626	0.01982579852	0.0008118347959	-0.004742229002	-0.02155747048	0.0	0.006014860303
303.0	0.02241966778	0.01987818437	0.0008142227247	-0.004754867119	-0.02162255193	0.0	0.006029954922
304.0	0.02247305067	0.01993058823	0.0008166121645	-0.004767567218	-0.02168828881	0.0	0.006045030824
305.0	0.02252632084	0.01998301034	0.0008190024761	-0.004780329251	-0.02175466627	0.0	0.006060087152
306.0	0.02257947435	0.02003545079	0.000821393031	-0.004793153013	-0.02182166856	0.0	0.006075123047
307.0	0.02263250748	0.02008790951	0.0008237832127	-0.004806038151	-0.02188927902	0.0	0.006090137651
308.0	0.02268541665	0.02014038625	0.0008261724176	-0.004818984166	-0.02195748019	0.0	0.006105130112
309.0	0.02273819849	0.02019288063	0.0008285600563	-0.004831990415	-0.02202625384	0.0	0.006120099583
310.0	0.02279084979	0.0202453921	0.0008309455543	-0.004845056121	-0.02209558096	0.0	0.006135045232
311.0	0.02284336756	0.02029791996	0.0008333283528	-0.004858180377	-0.02216544189	0.0	0.006149966236
312.0	0.02289574897	0.02035046339	0.0008357079099	-0.004871362146	-0.02223581633	0.0	0.006164861791
313.0	0.0229479914	0.02040302142	0.000838083701	-0.004884600271	-0.02230668336	0.0	0.006179731113
314.0	0.0230000924	0.02045559296	0.0008404552196	-0.00489789348	-0.02237802153	0.0	0.006194573436
315.0	0.02305204973	0.02050817678	0.0008428219779	-0.004911240388	-0.02244980891	0.0	0.00620938802
316.0	0.02310386132	0.02056077153	0.0008451835074	-0.004924639505	-0.0225220231	0.0	0.006224174149
317.0	0.02315552532	0.02061337578	0.000847539359	-0.004938089241	-0.0225946413	0.0	0.006238931136
318.0	0.02320704004	0.02066598796	0.0008498891039	-0.004951587909	-0.02266764038	0.0	0.00625365832
319.0	0.02325840399	0.0207186064	0.0008522323334	-0.004965133735	-0.0227409969	0.0	0.006268355073
320.0	0.02330961588	0.02077122935	0.0008545686596	-0.004978724858	-0.02281468713	0.0	0.006283020796
321.0	0.02336067458	0.02082385496	0.0008568977153	-0.00499235934	-0.02288868718	0.0	0.006297654925
322.0	0.02341157917	0.02087648131	0.0008592191543	-0.005006035168	-0.02296297297	0.0	0.006312256929
323.0	0.02346232888	0.02092910637	0.0008615326512	-0.005019750261	-0.02303752029	0.0	0.00632682631
324.0	0.02351292314	0.02098172807	0.000863837902	-0.005033502476	-0.0231123049	0.0	0.006341362606
325.0	0.02356336156	0.02103434426	0.0008661346232	-0.005047289613	-0.02318730249	0.0	0.006355865389
326.0	0.02361364389	0.02108695274	0.0008684225525	-0.005061109417	-0.0232624888	0.0	0.00637033427
327.0	0.02366377009	0.02113955123	0.0008707014482	-0.00507495959	-0.0233378396	0.0	0.006384768891
328.0	0.02371374026	0.02119213742	0.0008729710891	-0.005088837788	-0.02341333078	0.0	0.006399168934
329.0	0.02376355465	0.02124470896	0.0008752312745	-0.005102741636	-0.02348893837	0.0	0.006413534115
330.0	0.02381321369	0.02129726345	0.0008774818236	-0.005116668721	-0.02356463859	0.0	0.006427864184
331.0	0.02386271796	0.02134979847	0.0008797225754	-0.00513061661	-0.02364040786	0.0	0.00644215893
332.0	0.02391206817	0.02140231157	0.0008819533883	-0.005144582844	-0.02371622289	0.0	0.006456418172
333.0	0.02396126518	0.02145480026	0.0008841741397	-0.00515856495	-0.02379206066	0.0	0.006470641767
334.0	0.02401031	0.02150726206	0.0008863847256	-0.005172560441	-0.0238678985	0.0	0.006484829602
335.0	0.02405920375	0.02155969446	0.0008885850603	-0.005186566825	-0.0239437141	0.0	0.0064989816
336.0	0.02410794771	0.02161209495	0.0008907750758	-0.005200581608	-0.02401948554	0.0	0.006513097712
337.0	0.02415654324	0.02166446104	0.0008929547213	-0.005214602295	-0.02409519135	0.0	0.006527177924
338.0	0.02420499186	0.0217167902	0.0008951239628	-0.0052286264	-0.0241708105	0.0	0.006541222248
339.0	0.02425329516	0.02176907995	0.0008972827825	-0.005242651446	-0.02424632246	0.0	0.006555230728
340.0	0.02430145488	0.02182132779	0.0008994311784	-0.005256674973	-0.02432170723	0.0	0.006569203434
341.0	0.02434947282	0.02187353127	0.0009015691637	-0.005270694538	-0.02439694533	0.0	0.006583140461
342.0	0.02439735089	0.02192568793	0.000903696766	-0.005284707722	-0.02447201786	0.0	0.006597041934
343.0	0.02444509111	0.02197779536	0.0009058140271	-0.00529871213	-0.02454690649	0.0	0.006610907998
344.0	0.02449269554	0.02202985116	0.0009079210024	-0.005312705402	-0.02462159354	0.0	0.006624738821
345.0	0.02454016636	0.02208185298	0.0009100177601	-0.005326685206	-0.02469606192	0.0	0.006638534596
346.0	0.02458750579	0.0221337985	0.0009121043806	-0.005340649253	-0.02477029521	0.0	0.006652295533
347.0	0.02463471614	0.02218568544	0.0009141809562	-0.005354595291	-0.02484427766	0.0	0.006666021862
348.0	0.02468179975	0.02223751157	0.0009162475904	-0.005368521111	-0.02491799417	0.0	0.006679713831
349.0	0.02472875905	0.02228927469	0.000918304397	-0.005382424553	-0.02499143038	0.0	0.006693371704
350.0	0.02477559649	0.02234097268	0.0009203515002	-0.005396303505	-0.02506457259	0.0	0.006706995761
351.0	0.02482231458	0.02239260344	0.0009223890333	-0.005410155908	-0.02513740784	0.0	0.006720586294
352.0	0.02486891586	0.02244416495	0.0009244171387	-0.005423979757	-0.02520992391	0.0	0.006734143609
353.0	0.0249154029	0.02249565524	0.0009264359668	-0.005437773103	-0.02528210927	0.0	0.006747668022
354.0	0.02496177831	0.0225470724	0.0009284456759	-0.00545153406	-0.02535395316	0.0	0.00676115986
355.0	0.0250080447	0.02259841458	0.0009304464315	-0.005465260799	-0.02542544556	0.0	0.006774619459
356.0	0.02505420472	0.02264968	0.0009324384057	-0.005478951557	-0.02549657718	0.0	0.006788047161
357.0	0.02510026101	0.02270086694	0.0009344217766	-0.005492604636	-0.0255673395	0.0	0.006801443315
358.0	0.02514621622	0.02275197376	0.0009363967279	-0.005506218406	-0.02563772472	0.0	0.006814808275
359.0	0.02519207302	0.02280299887	0.0009383634484	-0.005519791303	-0.0257077258	0.0	0.006828142401
360.0	0.02523783404	0.02285394077	0.0009403221315	-0.005533321834	-0.02577733645	0.0	0.006841446054
361.0	0.02528350195	0.02290479803	0.0009422729745	-0.005546808578	-0.0258465511	0.0	0.006854719597
362.0	0.02532907936	0.02295556929	0.0009442161782	-0.005560250184	-0.02591536493	0.0	0.006867963394
363.0	0.02537456889	0.02300625324	0.0009461519468	-0.005573645378	-0.02598377384	0.0	0.006881177811
364.0	0.02541997312	0.0230568487	0.0009480804869	-0.005586992956	-0.02605177445	0.0	0.00689436321
365.0	0.02546529464	0.0231073545	0.0009500020073	-0.005600291789	-0.02611936408	0.0	0.006907519955
366.0	0.02551053596	0.0231577696	0.0009519167187	-0.005613540826	-0.02618654076	0.0	0.006920648403
367.0	0.02555569959	0.02320809301	0.0009538248329	-0.005626739089	-0.02625330321	0.0	0.006933748912
368.0	0.025600788	0.02325832381	0.0009557265629	-0.005639885676	-0.02631965083	0.0	0.006946821834
369.0	0.02564580361	0.02330846118	0.0009576221221	-0.005652979762	-0.02638558368	0.0	0.006959867515
370.0	0.0256907488	0.02335850434	0.0009595117241	-0.005666020595	-0.02645110245	0.0	0.006972886297
371.0	0.02573562591	0.02340845263	0.0009613955821	-0.005679007502	-0.02651620849	0.0	0.006985878517
372.0	0.02578043722	0.02345830542	0.0009632739091	-0.005691939882	-0.02658090375	0.0	0.006998844504
373.0	0.02582518497	0.02350806219	0.000965146917	-0.005704817213	-0.02664519081	0.0	0.007011784579
374.0	0.02586987131	0.02355772248	0.0009670148163	-0.005717639043	-0.02670907279	0.0	0.007024699057
375.0	0.02591449839	0.02360728589	0.0009688778164	-0.005730404997	-0.02677255341	0.0	0.007037588245
376.0	0.02595906825	0.02365675211	0.0009707361244	-0.00574311477	-0.02683563692	0.0	0.007050452441
377.0	0.02600358289	0.0237061209	0.0009725899456	-0.005755768132	-0.02689832811	0.0	0.007063291935
378.0	0.02604804425	0.02375539207	0.0009744394828	-0.005768364921	-0.02696063227	0.0	0.007076107005
379.0	0.02609245418	0.02380456552	0.0009762849362	-0.005780905047	-0.02702255517	0.0	0.007088897924
380.0	0.0261368145	0.02385364121	0.0009781265029	-0.005793388489	-0.02708410305	0.0	0.007101664953
381.0	0.02618112693	0.02390261917	0.0009799643772	-0.00580581529	-0.0271452826	0.0	0.007114408342
382.0	0.02622539313	0.02395149948	0.0009817987498	-0.005818185564	-0.02720610093	0.0	0.007127128334
383.0	0.02626961469	0.0240002823	0.0009836298079	-0.005830499485	-0.02726656554	0.0	0.007139825158
384.0	0.02631379314	0.02404896783	0.000985457735	-0.005842757292	-0.02732668433	0.0	0.007152499037
385.0	0.02635792991	0.02409755635	0.0009872827106	-0.005854959285	-0.02738646553	0.0	0.007165150181
386.0	0.02640202638	0.02414604818	0.0009891049101	-0.005867105824	-0.02744591772	0.0	0.007177778789
387.0	0.02644608384	0.02419444372	0.0009909245047	-0.005879197325	-0.02750504978	0.0	0.007190385051
388.0	0.02649010353	0.02424274339	0.0009927416611	-0.005891234261	-0.02756387088	0.0	0.007202969146
389.0	0.02653408658	0.02429094769	0.0009945565415	-0.005903217159	-0.02762239046	0.0	0.007215531243
390.0	0.02657803409	0.02433905716	0.0009963693035	-0.005915146597	-0.02768061819	0.0	0.007228071499
391.0	0.02662194704	0.02438707237	0.0009981800996	-0.005927023203	-0.02773856397	0.0	0.007240590064
392.0	0.02666582637	0.02443499397	0.0009999890779	-0.005938847654	-0.02779623789	0.0	0.007253087073
393.0	0.02670967293	0.02448282262	0.001001796381	-0.00595062067	-0.0278536502	0.0	0.007265562654
394.0	0.0267534875	0.02453055904	0.001003602147	-0.005962343016	-0.02791081132	0.0	0.007278016925
395.0	0.0267972708	0.02457820398	0.001005406508	-0.005974015498	-0.02796773179	0.0	0.007290449993
396.0	0.02684102346	0.02462575825	0.001007209592	-0.005985638959	-0.02802442226	0.0	0.007302861956
397.0	0.02688474605	0.02467322265	0.001009011521	-0.005997214282	-0.02808089345	0.0	0.007315252901
398.0	0.02692843906	0.02472059805	0.001010812412	-0.006008742381	-0.02813715616	0.0	0.007327622907
399.0	0.02697210293	0.02476788534	0.001012612376	-0.006020224204	-0.02819322123	0.0	0.007339972043
400.0	0.02701573803	0.02481508543	0.00101441152	-0.006031660727	-0.02824909951	0.0	0.00735230037
401.0	0.02705934463	0.02486219926	0.001016209944	-0.006043052953	-0.02830480185	0.0	0.007364607939
402.0	0.02710292298	0.02490922781	0.001018007744	-0.006054401912	-0.02836033911	0.0	0.007376894793
403.0	0.02714647325	0.02495617205	0.00101980501	-0.006065708654	-0.02841572209	0.0	0.007389160968
404.0	0.02718999555	0.02500303298	0.001021601827	-0.006076974252	-0.02847096152	0.0	0.007401406489
405.0	0.02723348991	0.02504981164	0.001023398274	-0.006088199794	-0.02852606808	0.0	0.007413631376
406.0	0.02727695633	0.02509650907	0.001025194424	-0.006099386385	-0.02858105235	0.0	0.007425835639
407.0	0.02732039474	0.0251431263	0.001026990348	-0.006110535143	-0.02863592479	0.0	0.007438019284
408.0	0.02736380502	0.0251896644	0.001028786107	-0.006121647197	-0.02869069576	0.0	0.007450182307
409.0	0.02740718699	0.02523612444	0.001030581761	-0.006132723685	-0.02874537545	0.0	0.0074623247
410.0	0.02745054043	0.0252825075	0.001032377362	-0.00614376575	-0.02879997391	0.0	0.007474446445
411.0	0.02749386507	0.02532881466	0.001034172959	-0.006154774543	-0.028854501	0.0	0.007486547521
412.0	0.02753716057	0.025375047	0.001035968594	-0.006165751212	-0.02890896642	0.0	0.0074986279
413.0	0.02758042657	0.02542120561	0.001037764305	-0.00617669691	-0.02896337966	0.0	0.00751068755
414.0	0.02762366267	0.02546729157	0.001039560125	-0.006187612785	-0.02901774997	0.0	0.007522726432
415.0	0.02766686841	0.02551330596	0.001041356082	-0.006198499982	-0.02907208643	0.0	0.007534744502
416.0	0.0277100433	0.02555924986	0.0010431522	-0.00620935964	-0.02912639783	0.0	0.007546741712
417.0	0.02775318681	0.02560512434	0.001044948497	-0.00622019289	-0.02918069276	0.0	0.007558718012
418.0	0.0277962984	0.02565093047	0.001046744989	-0.006231000854	-0.02923497952	0.0	0.007570673344
419.0	0.02783937745	0.02569666929	0.001048541683	-0.006241784643	-0.02928926616	0.0	0.007582607649
420.0	0.02788242336	0.02574234186	0.001050338587	-0.006252545352	-0.02934356046	0.0	0.007594520864
421.0	0.02792543547	0.0257879492	0.0010521357	-0.006263284065	-0.02939786989	0.0	0.007606412925
422.0	0.0279684131	0.02583349233	0.00105393302	-0.006274001846	-0.02945220168	0.0	0.007618283761
423.0	0.02801135555	0.02587897226	0.00105573054	-0.006284699743	-0.02950656271	0.0	0.007630133302
424.0	0.02805426211	0.02592438997	0.001057528249	-0.006295378785	-0.02956095961	0.0	0.007641961475
425.0	0.02809713203	0.02596974643	0.001059326133	-0.006306039978	-0.02961539866	0.0	0.007653768206
426.0	0.02813996455	0.02601504259	0.001061124172	-0.006316684308	-0.02966988584	0.0	0.007665553418
427.0	0.0281827589	0.02606027939	0.001062922344	-0.006327312737	-0.02972442685	0.0	0.007677317035
428.0	0.02822551429	0.02610545773	0.001064720625	-0.006337926201	-0.02977902701	0.0	0.007689058977
429.0	0.02826822993	0.0261505785	0.001066518986	-0.006348525611	-0.02983369138	0.0	0.007700779168
430.0	0.028310905	0.02619564257	0.001068317395	-0.006359111853	-0.02988842465	0.0	0.007712477527
431.0	0.0283535387	0.02624065079	0.001070115817	-0.006369685782	-0.02994323122	0.0	0.007724153976
432.0	0.02839613019	0.02628560397	0.001071914214	-0.006380248227	-0.02999811514	0.0	0.007735808437
433.0	0.02843867867	0.02633050291	0.001073712545	-0.006390799987	-0.03005308016	0.0	0.007747440831
434.0	0.0284811833	0.02637534838	0.001075510769	-0.006401341828	-0.03010812968	0.0	0.007759051083
435.0	0.02852364326	0.02642014112	0.001077308838	-0.00641187449	-0.03016326679	0.0	0.007770639115
436.0	0.02856605772	0.02646488185	0.001079106705	-0.006422398678	-0.03021849427	0.0	0.007782204854
437.0	0.02860842587	0.02650957126	0.001080904321	-0.006432915065	-0.03027381456	0.0	0.007793748228
438.0	0.02865074689	0.02655421001	0.001082701631	-0.006443424294	-0.0303292298	0.0	0.007805269164
439.0	0.02869301997	0.02659879874	0.001084498584	-0.006453926972	-0.03038474181	0.0	0.007816767595
440.0	0.02873524432	0.02664333805	0.001086295122	-0.006464423676	-0.03044035209	0.0	0.007828243454
441.0	0.02877741913	0.02668782853	0.001088091188	-0.006474914946	-0.03049606187	0.0	0.007839696679
442.0	0.02881954364	0.02673227073	0.001089886723	-0.006485401292	-0.03055187203	0.0	0.007851127207
443.0	0.02886161708	0.02677666516	0.001091681666	-0.006495883189	-0.0306077832	0.0	0.007862534981
444.0	0.02890363869	0.02682101233	0.001093475956	-0.006506361076	-0.0306637957	0.0	0.007873919947
445.0	0.02894560773	0.0268653127	0.00109526953	-0.006516835363	-0.03071990956	0.0	0.007885282054
446.0	0.02898752349	0.02690956671	0.001097062324	-0.006527306421	-0.03077612454	0.0	0.007896621254
447.0	0.02902938526	0.02695377477	0.001098854274	-0.006537774592	-0.03083244014	0.0	0.007907937503
448.0	0.02907119236	0.02699793726	0.001100645314	-0.006548240182	-0.03088885558	0.0	0.007919230762
449.0	0.02911294411	0.02704205453	0.001102435378	-0.006558703465	-0.03094536984	0.0	0.007930500995
450.0	0.02915463987	0.02708612691	0.001104224401	-0.006569164683	-0.03100198163	0.0	0.007941748171
451.0	0.02919627901	0.0271301547	0.001106012315	-0.006579624044	-0.03105868943	0.0	0.007952972263
452.0	0.02923786094	0.02717413818	0.001107799054	-0.006590081726	-0.0311154915	0.0	0.007964173248
453.0	0.02927938506	0.02721807758	0.001109584551	-0.006600537873	-0.03117238586	0.0	0.007975351108
454.0	0.02932085083	0.02726197313	0.001111368739	-0.006610992602	-0.03122937032	0.0	0.00798650583
455.0	0.0293622577	0.02730582501	0.001113151551	-0.006621445996	-0.03128644248	0.0	0.007997637406
456.0	0.02940360518	0.02734963341	0.00111493292	-0.00663189811	-0.03134359975	0.0	0.008008745831
457.0	0.02944489277	0.02739339846	0.001116712782	-0.00664234897	-0.03140083933	0.0	0.008019831109
458.0	0.02948612001	0.02743712029	0.00111849107	-0.006652798572	-0.03145815828	0.0	0.008030893244
459.0	0.02952728648	0.02748079898	0.00112026772	-0.006663246888	-0.03151555345	0.0	0.008041932248
460.0	0.02956839177	0.02752443461	0.001122042667	-0.006673693859	-0.03157302155	0.0	0.008052948137
461.0	0.02960943549	0.02756802724	0.001123815847	-0.006684139402	-0.03163055914	0.0	0.008063940934
462.0	0.0296504173	0.02761157689	0.001125587199	-0.006694583408	-0.03168816263	0.0	0.008074910665
463.0	0.02969133685	0.02765508356	0.001127356661	-0.006705025746	-0.03174582831	0.0	0.008085857361
464.0	0.02973219387	0.02769854726	0.001129124172	-0.006715466258	-0.03180355233	0.0	0.008096781059
465.0	0.02977298806	0.02774196794	0.001130889672	-0.006725904765	-0.03186133075	0.0	0.008107681802
466.0	0.02981371919	0.02778534556	0.001132653105	-0.006736341067	-0.03191915951	0.0	0.008118559636
467.0	0.02985438704	0.02782868004	0.001134414412	-0.006746774942	-0.03197703446	0.0	0.008129414613
468.0	0.02989499141	0.0278719713	0.001136173539	-0.006757206149	-0.03203495138	0.0	0.008140246789
469.0	0.02993553213	0.02791521925	0.001137930432	-0.006767634427	-0.03209290595	0.0	0.008151056228
470.0	0.02997600907	0.02795842375	0.001139685038	-0.006778059498	-0.03215089382	0.0	0.008161842995
471.0	0.03001642212	0.02800158468	0.001141437306	-0.006788481068	-0.03220891055	0.0	0.008172607161
472.0	0.03005677118	0.02804470189	0.001143187187	-0.006798898826	-0.03226695169	0.0	0.008183348802
473.0	0.03009705619	0.02808777521	0.001144934633	-0.006809312446	-0.03232501271	0.0	0.008194068
474.0	0.03013727711	0.02813080449	0.001146679599	-0.006819721589	-0.0323830891	0.0	0.008204764838
475.0	0.03017743394	0.02817378952	0.00114842204	-0.006830125903	-0.03244117629	0.0	0.008215439405
476.0	0.03021752669	0.02821673011	0.001150161915	-0.006840525022	-0.03249926972	0.0	0.008226091796
477.0	0.03025755538	0.02825962607	0.001151899182	-0.006850918574	-0.03255736483	0.0	0.008236722107
478.0	0.03029752008	0.02830247716	0.001153633803	-0.006861306172	-0.03261545706	0.0	0.00824733044
479.0	0.03033742088	0.02834528317	0.001155365741	-0.006871687423	-0.03267354187	0.0	0.0082579169
480.0	0.03037725787	0.02838804387	0.001157094962	-0.006882061925	-0.03273161472	0.0	0.008268481596
481.0	0.03041703118	0.02843075902	0.001158821433	-0.006892429272	-0.03278967114	0.0	0.008279024639
482.0	0.03045674095	0.02847342836	0.001160545123	-0.006902789047	-0.03284770667	0.0	0.008289546145
483.0	0.03049638737	0.02851605166	0.001162266004	-0.006913140833	-0.0329057169	0.0	0.008300046233
484.0	0.0305359706	0.02855862866	0.001163984047	-0.006923484207	-0.03296369746	0.0	0.008310525024
485.0	0.03057549086	0.02860115909	0.001165699229	-0.006933818742	-0.03302164407	0.0	0.008320982643
486.0	0.03061494838	0.02864364269	0.001167411526	-0.00694414401	-0.03307955248	0.0	0.008331419216
487.0	0.03065434338	0.02868607921	0.001169120918	-0.006954459582	-0.03313741854	0.0	0.008341834873
488.0	0.03069367615	0.02872846837	0.001170827385	-0.006964765028	-0.03319523815	0.0	0.008352229745
489.0	0.03073294693	0.0287708099	0.001172530911	-0.00697505992	-0.03325300731	0.0	0.008362603965
490.0	0.03077215604	0.02881310355	0.00117423148	-0.006985343828	-0.03331072211	0.0	0.00837295767
491.0	0.03081130377	0.02885534903	0.00117592908	-0.006995616328	-0.03336837872	0.0	0.008383290996
492.0	0.03085039044	0.02889754609	0.001177623699	-0.007005876997	-0.03342597342	0.0	0.008393604082
493.0	0.03088941638	0.02893969445	0.001179315328	-0.007016125415	-0.03348350258	0.0	0.008403897068
494.0	0.03092838194	0.02898179386	0.001181003959	-0.007026361169	-0.03354096269	0.0	0.008414170093
495.0	0.03096728748	0.02902384406	0.001182689588	-0.007036583848	-0.03359835034	0.0	0.008424423301
496.0	0.03100613335	0.02906584478	0.00118437221	-0.007046793049	-0.03365566224	0.0	0.008434656834
497.0	0.03104491994	0.02910779577	0.001186051823	-0.007056988376	-0.03371289521	0.0	0.008444870833
498.0	0.03108364763	0.02914969679	0.001187728427	-0.007067169438	-0.03377004621	0.0	0.008455065444
499.0	0.03112231681	0.02919154759	0.001189402024	-0.007077335853	-0.0338271123	0.0	0.008465240808
500.0	0.03116092789	0.02923334793	0.001191072616	-0.007087487247	-0.03388409068	0.0	0.00847539707
501.0	0.03119948128	0.02927509758	0.00119274021	-0.007097623256	-0.03394097867	0.0	0.008485534371
502.0	0.03123797738	0.0293167963	0.00119440481	-0.007107743524	-0.03399777372	0.0	0.008495652855
503.0	0.03127641662	0.02935844389	0.001196066425	-0.007117847705	-0.03405447343	0.0	0.008505752664
504.0	0.03131479941	0.02940004012	0.001197725064	-0.007127935464	-0.03411107551	0.0	0.008515833938
505.0	0.0313531262	0.02944158479	0.001199380738	-0.007138006478	-0.03416757782	0.0	0.008525896818
506.0	0.03139139741	0.0294830777	0.00120103346	-0.007148060431	-0.03422397835	0.0	0.008535941443
507.0	0.03142961346	0.02952451865	0.001202683243	-0.007158097023	-0.03428027521	0.0	0.00854596795
508.0	0.03146777481	0.02956590748	0.001204330102	-0.007168115964	-0.03433646668	0.0	0.008555976476
509.0	0.03150588187	0.02960724399	0.001205974053	-0.007178116977	-0.03439255114	0.0	0.008565967156
510.0	0.03154393509	0.02964852803	0.001207615113	-0.007188099795	-0.03444852714	0.0	0.008575940121
511.0	0.0315819349	0.02968975944	0.001209253301	-0.007198064167	-0.03450439333	0.0	0.008585895505
512.0	0.03161988174	0.02973093807	0.001210888637	-0.007208009853	-0.03456014853	0.0	0.008595833434
513.0	0.03165777603	0.02977206378	0.00121252114	-0.007217936626	-0.03461579167	0.0	0.008605754037
514.0	0.03169561821	0.02981313645	0.001214150833	-0.007227844275	-0.03467132183	0.0	0.008615657438
515.0	0.03173340871	0.02985415595	0.001215777738	-0.007237732598	-0.0347267382	0.0	0.00862554376
516.0	0.03177114794	0.02989512219	0.001217401878	-0.007247601411	-0.03478204011	0.0	0.008635413121
517.0	0.03180883634	0.02993603504	0.001219023277	-0.007257450541	-0.03483722704	0.0	0.008645265639
518.0	0.0318464743	0.02997689444	0.00122064196	-0.007267279828	-0.03489229856	0.0	0.008655101429
519.0	0.03188406225	0.03001770029	0.001222257953	-0.007277089128	-0.0349472544	0.0	0.008664920602
520.0	0.03192160059	0.03005845252	0.001223871281	-0.00728687831	-0.03500209438	0.0	0.008674723267
521.0	0.03195908971	0.03009915109	0.001225481972	-0.007296647256	-0.03505681845	0.0	0.008684509529
522.0	0.03199653001	0.03013979593	0.001227090052	-0.007306395862	-0.0351114267	0.0	0.008694279493
523.0	0.03203392187	0.03018038701	0.001228695548	-0.007316124037	-0.0351659193	0.0	0.008704033257
524.0	0.03207126568	0.0302209243	0.00123029849	-0.007325831705	-0.03522029655	0.0	0.008713770918
525.0	0.03210856179	0.03026140777	0.001231898906	-0.007335518802	-0.03527455886	0.0	0.00872349257
526.0	0.03214581058	0.03030183742	0.001233496823	-0.007345185278	-0.03532870674	0.0	0.008733198303
527.0	0.0321830124	0.03034221325	0.001235092271	-0.007354831094	-0.03538274081	0.0	0.008742888203
528.0	0.0322201676	0.03038253526	0.001236685279	-0.007364456227	-0.03543666176	0.0	0.008752562356
529.0	0.0322572765	0.03042280347	0.001238275877	-0.007374060665	-0.03549047042	0.0	0.00876222084
530.0	0.03229433945	0.0304630179	0.001239864093	-0.007383644409	-0.03554416768	0.0	0.008771863734
531.0	0.03233135675	0.03050317861	0.001241449957	-0.00739320747	-0.03559775452	0.0	0.008781491111
532.0	0.03236832871	0.03054328562	0.001243033498	-0.007402749874	-0.03565123201	0.0	0.008791103041
533.0	0.03240525564	0.030583339	0.001244614745	-0.007412271658	-0.03570460132	0.0	0.008800699592
534.0	0.03244213783	0.0306233388	0.001246193728	-0.007421772868	-0.03575786365	0.0	0.008810280828
535.0	0.03247897555	0.0306632851	0.001247770476	-0.007431253565	-0.03581102032	0.0	0.008819846809
536.0	0.03251576907	0.03070317798	0.001249345017	-0.007440713817	-0.03586407269	0.0	0.008829397593
537.0	0.03255251865	0.03074301752	0.001250917381	-0.007450153705	-0.0359170222	0.0	0.008838933233
538.0	0.03258922454	0.03078280382	0.001252487595	-0.007459573319	-0.03596987033	0.0	0.00884845378
539.0	0.03262588698	0.03082253698	0.001254055687	-0.007468972759	-0.03602261864	0.0	0.008857959283
540.0	0.0326625062	0.03086221711	0.001255621685	-0.007478352134	-0.03607526873	0.0	0.008867449786
541.0	0.03269908241	0.03090184432	0.001257185617	-0.007487711563	-0.03612782226	0.0	0.008876925329
542.0	0.03273561581	0.03094141874	0.001258747509	-0.007497051173	-0.03618028091	0.0	0.008886385953
543.0	0.03277210661	0.0309809405	0.001260307387	-0.0075063711	-0.03623264643	0.0	0.008895831692
544.0	0.032808555	0.03102040973	0.001261865279	-0.007515671486	-0.03628492059	0.0	0.008905262579
545.0	0.03284496114	0.03105982657	0.001263421208	-0.007524952483	-0.03633710519	0.0	0.008914678645
546.0	0.0328813252	0.03109919118	0.001264975201	-0.007534214248	-0.03638920207	0.0	0.008924079915
547.0	0.03291764733	0.0311385037	0.001266527281	-0.007543456946	-0.03644121308	0.0	0.008933466414
548.0	0.03295392769	0.03117776429	0.001268077473	-0.007552680748	-0.0364931401	0.0	0.008942838165
549.0	0.03299016641	0.03121697311	0.001269625799	-0.00756188583	-0.03654498504	0.0	0.008952195186
550.0	0.03302636361	0.03125613033	0.001271172282	-0.007571072375	-0.03659674979	0.0	0.008961537495
551.0	0.03306251941	0.03129523611	0.001272716944	-0.00758024057	-0.03664843628	0.0	0.008970865106
552.0	0.03309863391	0.03133429064	0.001274259806	-0.007589390607	-0.03670004644	0.0	0.008980178031
553.0	0.03313470722	0.03137329409	0.001275800888	-0.007598522683	-0.03675158218	0.0	0.00898947628
554.0	0.03317073941	0.03141224665	0.001277340212	-0.007607636996	-0.03680304544	0.0	0.008998759862
555.0	0.03320673057	0.03145114849	0.001278877795	-0.007616733752	-0.03685443814	0.0	0.009008028782
556.0	0.03324268077	0.0314899998	0.001280413656	-0.007625813155	-0.03690576219	0.0	0.009017283045
557.0	0.03327859007	0.03152880077	0.001281947813	-0.007634875416	-0.03695701949	0.0	0.009026522653
558.0	0.03331445853	0.0315675516	0.001283480284	-0.007643920745	-0.03700821193	0.0	0.009035747607
559.0	0.03335028618	0.03160625247	0.001285011083	-0.007652949356	-0.03705934138	0.0	0.009044957907
560.0	0.03338607307	0.03164490358	0.001286540227	-0.007661961463	-0.03711040969	0.0	0.009054153549
561.0	0.03342181923	0.03168350513	0.00128806773	-0.007670957283	-0.0371614187	0.0	0.00906333453
562.0	0.03345752468	0.03172205731	0.001289593607	-0.007679937031	-0.03721237019	0.0	0.009072500845
563.0	0.03349318943	0.03176056033	0.00129111787	-0.007688900924	-0.03726326596	0.0	0.009081652489
564.0	0.0335288135	0.03179901437	0.001292640532	-0.00769784918	-0.03731410773	0.0	0.009090789454
565.0	0.03356439689	0.03183741964	0.001294161604	-0.007706782014	-0.03736489723	0.0	0.009099911732
566.0	0.0335999396	0.03187577634	0.001295681099	-0.007715699642	-0.03741563612	0.0	0.009109019315
567.0	0.03363544161	0.03191408466	0.001297199024	-0.007724602279	-0.03746632605	0.0	0.009118112192
568.0	0.03367090291	0.0319523448	0.001298715392	-0.007733490139	-0.0375169686	0.0	0.009127190353
569.0	0.03370632349	0.03199055696	0.001300230208	-0.007742363433	-0.03756756535	0.0	0.009136253788
570.0	0.03374170332	0.03202872134	0.001301743483	-0.00775122237	-0.03761811779	0.0	0.009145302485
571.0	0.03377704237	0.03206683813	0.001303255223	-0.007760067159	-0.0376686274	0.0	0.009154336432
572.0	0.0338123406	0.03210490752	0.001304765434	-0.007768898004	-0.03771909561	0.0	0.009163355619
573.0	0.03384759798	0.0321429297	0.001306274122	-0.007777715107	-0.03776952378	0.0	0.009172360032
574.0	0.03388281447	0.03218090487	0.001307781293	-0.007786518668	-0.03781991324	0.0	0.009181349659
575.0	0.03391799002	0.03221883322	0.00130928695	-0.007795308882	-0.03787026526	0.0	0.009190324489
576.0	0.03395312459	0.03225671492	0.001310791098	-0.007804085942	-0.03792058107	0.0	0.00919928451
577.0	0.03398821812	0.03229455017	0.001312293739	-0.007812850037	-0.03797086184	0.0	0.009208229709
578.0	0.03402327056	0.03233233915	0.001313794877	-0.007821601349	-0.03802110869	0.0	0.009217160076
579.0	0.03405828186	0.03237008203	0.001315294511	-0.007830340061	-0.03807132267	0.0	0.009226075598
580.0	0.03409325196	0.03240777899	0.001316792645	-0.007839066349	-0.03812150481	0.0	0.009234976267
581.0	0.03412818079	0.03244543021	0.001318289279	-0.007847780382	-0.03817165604	0.0	0.00924386207
582.0	0.03416306831	0.03248303585	0.001319784412	-0.00785648233	-0.03822177727	0.0	0.009252733
583.0	0.03419791444	0.03252059608	0.001321278043	-0.007865172353	-0.03827186935	0.0	0.009261589046
584.0	0.03423271913	0.03255811107	0.001322770173	-0.007873850608	-0.03832193305	0.0	0.009270430201
585.0	0.0342674823	0.03259558098	0.001324260798	-0.007882517248	-0.03837196911	0.0	0.009279256457
586.0	0.03430220391	0.03263300596	0.001325749918	-0.007891172419	-0.03842197821	0.0	0.009288067808
587.0	0.03433688388	0.03267038617	0.001327237529	-0.007899816262	-0.03847196096	0.0	0.009296864249
588.0	0.03437152215	0.03270772175	0.001328723628	-0.007908448914	-0.03852191793	0.0	0.009305645774
589.0	0.03440611866	0.03274501287	0.001330208212	-0.007917070505	-0.03857184962	0.0	0.00931441238
590.0	0.03444067335	0.03278225965	0.001331691277	-0.00792568116	-0.03862175649	0.0	0.009323164064
591.0	0.03447518615	0.03281946224	0.001333172818	-0.007934280998	-0.03867163894	0.0	0.009331900826
592.0	0.034509657	0.03285662077	0.001334652831	-0.007942870133	-0.03872149732	0.0	0.009340622664
593.0	0.03454408585	0.03289373538	0.00133613131	-0.007951448674	-0.03877133191	0.0	0.00934932958
594.0	0.03457847263	0.03293080619	0.00133760825	-0.007960016721	-0.03882114295	0.0	0.009358021576
595.0	0.03461281729	0.03296783333	0.001339083646	-0.007968574372	-0.03887093064	0.0	0.009366698656
596.0	0.03464711977	0.03300481691	0.001340557491	-0.007977121719	-0.03892069512	0.0	0.009375360823
597.0	0.03468138003	0.03304175706	0.001342029778	-0.007985658845	-0.03897043647	0.0	0.009384008085
598.0	0.03471559801	0.03307865388	0.001343500502	-0.007994185831	-0.03902015473	0.0	0.009392640449
599.0	0.03474977367	0.03311550749	0.001344969654	-0.008002702751	-0.0390698499	0.0	0.009401257923
600.0	0.03478390695	0.03315231799	0.001346437229	-0.008011209673	-0.03911952193	0.0	0.009409860518
601.0	0.03481799782	0.03318908548	0.00134790322	-0.008019706659	-0.03916917071	0.0	0.009418448245
602.0	0.03485204623	0.03322581005	0.001349367617	-0.008028193767	-0.03921879611	0.0	0.009427021117
603.0	0.03488605215	0.03326249181	0.001350830415	-0.008036671049	-0.03926839794	0.0	0.009435579149
604.0	0.03492001555	0.03329913083	0.001352291604	-0.008045138551	-0.03931797598	0.0	0.009444122356
605.0	0.03495393638	0.03333572721	0.001353751178	-0.008053596314	-0.03936752996	0.0	0.009452650757
606.0	0.03498781463	0.03337228103	0.001355209129	-0.008062044376	-0.03941705959	0.0	0.009461164369
607.0	0.03502165027	0.03340879237	0.001356665448	-0.008070482765	-0.03946656452	0.0	0.009469663212
608.0	0.03505544328	0.03344526129	0.001358120127	-0.008078911509	-0.03951604437	0.0	0.009478147309
609.0	0.03508919363	0.03348168788	0.001359573159	-0.008087330629	-0.03956549875	0.0	0.009486616682
610.0	0.03512290132	0.0335180722	0.001361024534	-0.008095740141	-0.03961492721	0.0	0.009495071355
611.0	0.03515656633	0.03355441432	0.001362474246	-0.008104140056	-0.03966432929	0.0	0.009503511354
612.0	0.03519018866	0.0335907143	0.001363922286	-0.008112530383	-0.03971370448	0.0	0.009511936707
613.0	0.0352237683	0.03362697219	0.001365368646	-0.008120911123	-0.03976305226	0.0	0.009520347441
614.0	0.03525730525	0.03366318806	0.001366813318	-0.008129282277	-0.03981237209	0.0	0.009528743587
615.0	0.03529079951	0.03369936195	0.001368256294	-0.008137643837	-0.03986166337	0.0	0.009537125175
616.0	0.0353242511	0.03373549391	0.001369697566	-0.008145995796	-0.03991092553	0.0	0.009545492237
617.0	0.03535766001	0.033771584	0.001371137127	-0.00815433814	-0.03996015794	0.0	0.009553844808
618.0	0.03539102628	0.03380763225	0.001372574969	-0.008162670852	-0.04000935996	0.0	0.009562182922
619.0	0.0354243499	0.0338436387	0.001374011084	-0.008170993912	-0.04005853095	0.0	0.009570506615
620.0	0.03545763092	0.03387960341	0.001375445465	-0.008179307296	-0.04010767023	0.0	0.009578815924
621.0	0.03549086934	0.03391552639	0.001376878105	-0.008187610979	-0.04015677712	0.0	0.009587110887
622.0	0.0355240652	0.0339514077	0.001378308997	-0.00819590493	-0.04020585093	0.0	0.009595391544
623.0	0.03555721854	0.03398724735	0.001379738134	-0.008204189117	-0.04025489096	0.0	0.009603657934
624.0	0.03559032938	0.03402304538	0.001381165509	-0.008212463505	-0.04030389647	0.0	0.0096119101
625.0	0.03562339778	0.03405880181	0.001382591116	-0.008220728056	-0.04035286677	0.0	0.009620148083
626.0	0.03565642376	0.03409451668	0.001384014949	-0.008228982731	-0.0404018011	0.0	0.009628371927
627.0	0.03568940738	0.03413019001	0.001385437001	-0.008237227487	-0.04045069875	0.0	0.009636581675
628.0	0.03572234869	0.03416582182	0.001386857267	-0.008245462281	-0.04049955898	0.0	0.009644777373
629.0	0.03575524773	0.03420141213	0.001388275742	-0.008253687066	-0.04054838104	0.0	0.009652959066
630.0	0.03578810458	0.03423696096	0.001389692419	-0.008261901795	-0.04059716421	0.0	0.009661126801
631.0	0.03582091927	0.03427246833	0.001391107295	-0.00827010642	-0.04064590774	0.0	0.009669280625
632.0	0.03585369189	0.03430793426	0.001392520363	-0.008278300889	-0.04069461091	0.0	0.009677420585
633.0	0.03588642249	0.03434335876	0.001393931621	-0.008286485152	-0.04074327297	0.0	0.009685546731
634.0	0.03591911113	0.03437874185	0.001395341062	-0.008294659156	-0.04079189321	0.0	0.00969365911
635.0	0.0359517579	0.03441408354	0.001396748684	-0.008302822847	-0.0408404709	0.0	0.009701757773
636.0	0.03598436286	0.03444938384	0.001398154483	-0.008310976173	-0.04088900535	0.0	0.009709842769
637.0	0.0360169261	0.03448464278	0.001399558454	-0.008319119077	-0.04093749584	0.0	0.009717914149
638.0	0.03604944768	0.03451986035	0.001400960596	-0.008327251507	-0.04098594168	0.0	0.009725971963
639.0	0.03608192769	0.03455503658	0.001402360905	-0.008335373405	-0.04103434219	0.0	0.009734016262
640.0	0.03611436621	0.03459017147	0.001403759379	-0.008343484718	-0.0410826967	0.0	0.009742047098
641.0	0.03614676333	0.03462526503	0.001405156015	-0.00835158539	-0.04113100456	0.0	0.009750064522
642.0	0.03617911914	0.03466031727	0.001406550812	-0.008359675366	-0.04117926512	0.0	0.009758068586
643.0	0.03621143372	0.03469532822	0.001407943767	-0.008367754591	-0.04122747776	0.0	0.009766059342
644.0	0.03624370717	0.03473029786	0.001409334879	-0.008375823012	-0.04127564187	0.0	0.009774036841
645.0	0.03627593958	0.03476522623	0.001410724148	-0.008383880575	-0.04132375684	0.0	0.009782001136
646.0	0.03630813104	0.03480011331	0.001412111572	-0.008391927227	-0.04137182211	0.0	0.009789952279
647.0	0.03634028165	0.03483495914	0.00141349715	-0.008399962916	-0.0414198371	0.0	0.00979789032
648.0	0.0363723915	0.03486976371	0.001414880884	-0.00840798759	-0.04146780129	0.0	0.009805815313
649.0	0.03640446071	0.03490452704	0.001416262772	-0.008416001201	-0.04151571414	0.0	0.009813727309
650.0	0.03643648935	0.03493924915	0.001417642814	-0.008424003698	-0.04156357515	0.0	0.00982162636
651.0	0.03646847755	0.03497393003	0.001419021012	-0.008431995035	-0.04161138385	0.0	0.009829512516
652.0	0.03650042539	0.03500856972	0.001420397367	-0.008439975165	-0.04165913976	0.0	0.009837385829
653.0	0.03653233298	0.03504316821	0.001421771879	-0.008447944043	-0.04170684245	0.0	0.00984524635
654.0	0.03656420042	0.03507772553	0.001423144549	-0.008455901625	-0.0417544915	0.0	0.009853094129
655.0	0.03659602783	0.03511224168	0.00142451538	-0.008463847871	-0.04180208651	0.0	0.009860929216
656.0	0.03662781529	0.03514671669	0.001425884373	-0.008471782739	-0.04184962711	0.0	0.009868751661
657.0	0.03665956293	0.03518115058	0.001427251531	-0.008479706193	-0.04189711293	0.0	0.009876561513
658.0	0.03669127083	0.03521554335	0.001428616855	-0.008487618194	-0.04194454365	0.0	0.009884358822
659.0	0.03672293912	0.03524989503	0.001429980349	-0.008495518708	-0.04199191896	0.0	0.009892143635
660.0	0.03675456789	0.03528420563	0.001431342015	-0.008503407704	-0.04203923858	0.0	0.009899916
661.0	0.03678615725	0.03531847519	0.001432701856	-0.008511285149	-0.04208650223	0.0	0.009907675965
662.0	0.0368177073	0.03535270371	0.001434059876	-0.008519151016	-0.04213370969	0.0	0.009915423575
663.0	0.03684921816	0.03538689122	0.001435416078	-0.008527005277	-0.04218086072	0.0	0.009923158879
664.0	0.03688068992	0.03542103775	0.001436770465	-0.008534847908	-0.04222795514	0.0	0.00993088192
665.0	0.0369121227	0.03545514331	0.001438123042	-0.008542678887	-0.04227499277	0.0	0.009938592744
666.0	0.03694351658	0.03548920795	0.001439473813	-0.008550498193	-0.04232197345	0.0	0.009946291395
667.0	0.03697487169	0.03552323167	0.001440822781	-0.008558305808	-0.04236889707	0.0	0.009953977917
668.0	0.03700618812	0.03555721452	0.001442169952	-0.008566101716	-0.0424157635	0.0	0.009961652351
669.0	0.03703746598	0.03559115652	0.001443515329	-0.008573885904	-0.04246257268	0.0	0.009969314742
670.0	0.03706870536	0.0356250577	0.001444858918	-0.00858165836	-0.04250932452	0.0	0.009976965129
671.0	0.03709990637	0.0356589181	0.001446200723	-0.008589419075	-0.04255601899	0.0	0.009984603554
672.0	0.0371310691	0.03569273774	0.001447540749	-0.008597168041	-0.04260265607	0.0	0.009992230056
673.0	0.03716219367	0.03572651667	0.001448879002	-0.008604905254	-0.04264923574	0.0	0.009999844674
674.0	0.03719328016	0.03576025491	0.001450215487	-0.008612630712	-0.04269575803	0.0	0.01000744745
675.0	0.03722432867	0.03579395251	0.001451550208	-0.008620344413	-0.04274222298	0.0	0.01001503841
676.0	0.0372553393	0.03582760951	0.001452883172	-0.00862804636	-0.04278863063	0.0	0.01002261761
677.0	0.03728631214	0.03586122593	0.001454214384	-0.008635736557	-0.04283498107	0.0	0.01003018507
678.0	0.03731724729	0.03589480184	0.00145554385	-0.008643415009	-0.04288127437	0.0	0.01003774083
679.0	0.03734814484	0.03592833725	0.001456871574	-0.008651081724	-0.04292751066	0.0	0.01004528493
680.0	0.03737900488	0.03596183223	0.001458197564	-0.008658736713	-0.04297369005	0.0	0.01005281739
681.0	0.0374098275	0.03599528681	0.001459521825	-0.008666379988	-0.04301981269	0.0	0.01006033826
682.0	0.03744061278	0.03602870105	0.001460844363	-0.008674011564	-0.04306587874	0.0	0.01006784756
683.0	0.03747136082	0.03606207498	0.001462165184	-0.008681631456	-0.04311188836	0.0	0.01007534533
684.0	0.03750207171	0.03609540865	0.001463484294	-0.008689239683	-0.04315784174	0.0	0.01008283159
685.0	0.03753274551	0.03612870212	0.001464801698	-0.008696836264	-0.04320373909	0.0	0.01009030637
686.0	0.03756338232	0.03616195543	0.001466117403	-0.008704421222	-0.04324958062	0.0	0.01009776971
687.0	0.03759398223	0.03619516864	0.001467431415	-0.008711994579	-0.04329536655	0.0	0.01010522163
688.0	0.03762454529	0.0362283418	0.00146874374	-0.008719556363	-0.04334109712	0.0	0.01011266217
689.0	0.03765507161	0.03626147496	0.001470054384	-0.008727106598	-0.04338677259	0.0	0.01012009133
690.0	0.03768556124	0.03629456818	0.001471363353	-0.008734645315	-0.0434323932	0.0	0.01012750917
691.0	0.03771601427	0.0363276215	0.001472670654	-0.008742172543	-0.04347795924	0.0	0.01013491568
692.0	0.03774643077	0.03636063499	0.001473976291	-0.008749688315	-0.04352347098	0.0	0.01014231092
693.0	0.03777681081	0.03639360871	0.001475280272	-0.008757192662	-0.04356892871	0.0	0.01014969488
694.0	0.03780715447	0.03642654271	0.001476582602	-0.008764685621	-0.04361433272	0.0	0.01015706761
695.0	0.0378374618	0.03645943705	0.001477883286	-0.008772167226	-0.04365968332	0.0	0.01016442912
696.0	0.03786773288	0.03649229179	0.001479182332	-0.008779637515	-0.04370498083	0.0	0.01017177943
697.0	0.03789796777	0.03652510699	0.001480479745	-0.008787096525	-0.04375022554	0.0	0.01017911857
698.0	0.03792816654	0.03655788272	0.00148177553	-0.008794544298	-0.04379541779	0.0	0.01018644655
699.0	0.03795832925	0.03659061903	0.001483069694	-0.008801980872	-0.0438405579	0.0	0.0101937634
700.0	0.03798845596	0.03662331598	0.001484362242	-0.00880940629	-0.04388564621	0.0	0.01020106914
701.0	0.03801854673	0.03665597364	0.001485653179	-0.008816820594	-0.04393068304	0.0	0.01020836378
702.0	0.03804860161	0.03668859207	0.001486942511	-0.008824223827	-0.04397566873	0.0	0.01021564734
703.0	0.03807862067	0.03672117134	0.001488230245	-0.008831616033	-0.04402060362	0.0	0.01022291984
704.0	0.03810860396	0.03675371151	0.001489516384	-0.008838997258	-0.04406548805	0.0	0.01023018131
705.0	0.03813855153	0.03678621265	0.001490800934	-0.008846367546	-0.04411032236	0.0	0.01023743174
706.0	0.03816846343	0.03681867481	0.001492083901	-0.008853726943	-0.0441551069	0.0	0.01024467117
707.0	0.03819833973	0.03685109807	0.001493365289	-0.008861075497	-0.044199842	0.0	0.01025189961
708.0	0.03822818046	0.0368834825	0.001494645104	-0.008868413254	-0.044244528	0.0	0.01025911707
709.0	0.03825798567	0.03691582815	0.00149592335	-0.008875740262	-0.04428916525	0.0	0.01026632357
710.0	0.03828775541	0.03694813509	0.001497200032	-0.008883056568	-0.04433375407	0.0	0.01027351912
711.0	0.03831748974	0.0369804034	0.001498475156	-0.00889036222	-0.04437829482	0.0	0.01028070374
712.0	0.03834718868	0.03701263314	0.001499748725	-0.008897657267	-0.04442278781	0.0	0.01028787744
713.0	0.0383768523	0.03704482437	0.001501020744	-0.008904941757	-0.04446723339	0.0	0.01029504024
714.0	0.03840648062	0.03707697716	0.001502291218	-0.008912215739	-0.04451163187	0.0	0.01030219215
715.0	0.03843607369	0.03710909158	0.00150356015	-0.00891947926	-0.04455598357	0.0	0.01030933319
716.0	0.03846563156	0.03714116769	0.001504827546	-0.008926732371	-0.04460028882	0.0	0.01031646336
717.0	0.03849515425	0.03717320557	0.001506093408	-0.008933975118	-0.04464454793	0.0	0.01032358268
718.0	0.03852464182	0.03720520528	0.001507357741	-0.00894120755	-0.0446887612	0.0	0.01033069117
719.0	0.0385540943	0.03723716689	0.001508620549	-0.008948429715	-0.04473292893	0.0	0.01033778883
720.0	0.03858351172	0.03726909046	0.001509881835	-0.008955641662	-0.04477705142	0.0	0.01034487568
721.0	0.03861289412	0.03730097606	0.001511141603	-0.008962843436	-0.04482112896	0.0	0.01035195173
722.0	0.03864224154	0.03733282376	0.001512399857	-0.008970035087	-0.04486516184	0.0	0.01035901699
723.0	0.03867155401	0.03736463362	0.0015136566	-0.008977216659	-0.04490915031	0.0	0.01036607147
724.0	0.03870083156	0.03739640571	0.001514911835	-0.008984388201	-0.04495309466	0.0	0.0103731152
725.0	0.03873007423	0.0374281401	0.001516165565	-0.008991549757	-0.04499699515	0.0	0.01038014817
726.0	0.03875928206	0.03745983685	0.001517417794	-0.008998701373	-0.04504085202	0.0	0.01038717041
727.0	0.03878845507	0.03749149602	0.001518668523	-0.009005843093	-0.04508466553	0.0	0.01039418192
728.0	0.0388175933	0.03752311769	0.001519917757	-0.009012974962	-0.0451284359	0.0	0.01040118271
729.0	0.03884669677	0.03755470191	0.001521165498	-0.009020097024	-0.04517216337	0.0	0.0104081728
730.0	0.03887576552	0.03758624875	0.001522411747	-0.00902720932	-0.04521584816	0.0	0.0104151522
731.0	0.03890479958	0.03761775827	0.001523656509	-0.009034311894	-0.04525949048	0.0	0.01042212093
732.0	0.03893379898	0.03764923054	0.001524899785	-0.009041404786	-0.04530309053	0.0	0.01042907899
733.0	0.03896276375	0.03768066562	0.001526141577	-0.009048488038	-0.04534664851	0.0	0.01043602639
734.0	0.03899169392	0.03771206358	0.001527381889	-0.009055561689	-0.0453901646	0.0	0.01044296315
735.0	0.03902058951	0.03774342446	0.00152862072	-0.009062625778	-0.04543363898	0.0	0.01044988929
736.0	0.03904945057	0.03777474835	0.001529858075	-0.009069680344	-0.04547707181	0.0	0.01045680481
737.0	0.0390782771	0.03780603529	0.001531093954	-0.009076725424	-0.04552046326	0.0	0.01046370973
738.0	0.03910706916	0.03783728534	0.00153232836	-0.009083761053	-0.04556381348	0.0	0.01047060405
739.0	0.03913582675	0.03786849858	0.001533561293	-0.009090787269	-0.0456071226	0.0	0.0104774878
740.0	0.03916454993	0.03789967505	0.001534792757	-0.009097804106	-0.04565039075	0.0	0.01048436099
741.0	0.0391932387	0.03793081481	0.001536022752	-0.009104811597	-0.04569361806	0.0	0.01049122363
742.0	0.0392218931	0.03796191793	0.001537251279	-0.009111809775	-0.04573680465	0.0	0.01049807573
743.0	0.03925051316	0.03799298447	0.001538478341	-0.009118798673	-0.04577995062	0.0	0.01050491731
744.0	0.03927909891	0.03802401447	0.001539703938	-0.009125778321	-0.04582305606	0.0	0.01051174838
745.0	0.03930765038	0.03805500799	0.001540928072	-0.00913274875	-0.04586612106	0.0	0.01051856896
746.0	0.03933616759	0.0380859651	0.001542150744	-0.009139709988	-0.0459091457	0.0	0.01052537906
747.0	0.03936465059	0.03811688584	0.001543371955	-0.009146662064	-0.04595213006	0.0	0.01053217869
748.0	0.03939309938	0.03814777028	0.001544591705	-0.009153605005	-0.04599507419	0.0	0.01053896788
749.0	0.03942151402	0.03817861846	0.001545809997	-0.009160538837	-0.04603797815	0.0	0.01054574663
750.0	0.03944989451	0.03820943044	0.00154702683	-0.009167463586	-0.04608084198	0.0	0.01055251496
751.0	0.03947824091	0.03824020627	0.001548242207	-0.009174379275	-0.04612366574	0.0	0.01055927289
752.0	0.03950655323	0.03827094601	0.001549456127	-0.00918128593	-0.04616644943	0.0	0.01056602043
753.0	0.03953483151	0.0383016497	0.001550668591	-0.009188183571	-0.0462091931	0.0	0.0105727576
754.0	0.03956307578	0.03833231741	0.0015518796	-0.009195072221	-0.04625189676	0.0	0.01057948442
755.0	0.03959128607	0.03836294917	0.001553089155	-0.009201951901	-0.04629456041	0.0	0.0105862009
756.0	0.03961946241	0.03839354504	0.001554297256	-0.00920882263	-0.04633718407	0.0	0.01059290707
757.0	0.03964760484	0.03842410507	0.001555503905	-0.009215684427	-0.04637976771	0.0	0.01059960292
758.0	0.03967571338	0.03845462931	0.0015567091	-0.009222537311	-0.04642231135	0.0	0.0106062885
759.0	0.03970378808	0.03848511781	0.001557912844	-0.009229381298	-0.04646481496	0.0	0.0106129638
760.0	0.03973182896	0.03851557061	0.001559115137	-0.009236216406	-0.04650727851	0.0	0.01061962886
761.0	0.03975983606	0.03854598776	0.001560315979	-0.009243042649	-0.04654970199	0.0	0.01062628368
762.0	0.03978780941	0.03857636931	0.00156151537	-0.009249860044	-0.04659208535	0.0	0.01063292829
763.0	0.03981574905	0.03860671531	0.001562713312	-0.009256668603	-0.04663442856	0.0	0.01063956271
764.0	0.03984365501	0.0386370258	0.001563909804	-0.00926346834	-0.04667673158	0.0	0.01064618695
765.0	0.03987152733	0.03866730082	0.001565104847	-0.009270259268	-0.04671899436	0.0	0.01065280103
766.0	0.03989936605	0.03869754043	0.001566298441	-0.009277041398	-0.04676121685	0.0	0.01065940498
767.0	0.0399271712	0.03872774466	0.001567490587	-0.009283814742	-0.04680339899	0.0	0.01066599881
768.0	0.03995494281	0.03875791357	0.001568681286	-0.009290579311	-0.04684554073	0.0	0.01067258255
769.0	0.03998268094	0.03878804719	0.001569870537	-0.009297335114	-0.04688764199	0.0	0.01067915621
770.0	0.0400103856	0.03881814556	0.001571058341	-0.00930408216	-0.04692970271	0.0	0.01068571981
771.0	0.04003805685	0.03884820874	0.001572244699	-0.009310820459	-0.04697172283	0.0	0.01069227337
772.0	0.04006569472	0.03887823675	0.001573429611	-0.009317550019	-0.04701370227	0.0	0.01069881692
773.0	0.04009329926	0.03890822965	0.001574613077	-0.009324270846	-0.04705564096	0.0	0.01070535048
774.0	0.04012087049	0.03893818748	0.001575795098	-0.009330982949	-0.04709753881	0.0	0.01071187406
775.0	0.04014840846	0.03896811028	0.001576975674	-0.009337686334	-0.04713939575	0.0	0.01071838769
776.0	0.04017591322	0.03899799808	0.001578154807	-0.009344381006	-0.0471812117	0.0	0.01072489139
777.0	0.0402033848	0.03902785093	0.001579332496	-0.009351066973	-0.04722298658	0.0	0.01073138518
778.0	0.04023082324	0.03905766886	0.001580508741	-0.009357744239	-0.0472647203	0.0	0.01073786908
779.0	0.04025822859	0.03908745193	0.001581683544	-0.009364412809	-0.04730641278	0.0	0.01074434312
780.0	0.04028560089	0.03911720016	0.001582856905	-0.009371072687	-0.04734806393	0.0	0.01075080731
781.0	0.04031294019	0.03914691361	0.001584028825	-0.009377723879	-0.04738967367	0.0	0.01075726168
782.0	0.04034024651	0.03917659229	0.001585199304	-0.009384366388	-0.04743124191	0.0	0.01076370625
783.0	0.04036751992	0.03920623627	0.001586368343	-0.009391000218	-0.04747276857	0.0	0.01077014104
784.0	0.04039476044	0.03923584556	0.001587535943	-0.009397625372	-0.04751425355	0.0	0.01077656608
785.0	0.04042196814	0.03926542022	0.001588702104	-0.009404241854	-0.04755569678	0.0	0.01078298138
786.0	0.04044914305	0.03929496028	0.001589866827	-0.009410849667	-0.04759709817	0.0	0.01078938698
787.0	0.04047628521	0.03932446578	0.001591030113	-0.009417448813	-0.04763845763	0.0	0.01079578289
788.0	0.04050339467	0.03935393675	0.001592191962	-0.009424039296	-0.04767977508	0.0	0.01080216913
789.0	0.04053047148	0.03938337324	0.001593352376	-0.009430621118	-0.04772105044	0.0	0.01080854573
790.0	0.04055751569	0.03941277528	0.001594511356	-0.009437194282	-0.04776228362	0.0	0.01081491271
791.0	0.04058452733	0.0394421429	0.001595668902	-0.009443758791	-0.04780347456	0.0	0.0108212701
792.0	0.04061150646	0.03947147616	0.001596825015	-0.009450314646	-0.04784462316	0.0	0.01082761791
793.0	0.04063845312	0.03950077507	0.001597979696	-0.00945686185	-0.04788572936	0.0	0.01083395617
794.0	0.04066536736	0.03953003969	0.001599132947	-0.009463400406	-0.04792679308	0.0	0.0108402849
795.0	0.04069224923	0.03955927004	0.001600284769	-0.009469930316	-0.04796781426	0.0	0.01084660413
796.0	0.04071909877	0.03958846617	0.001601435162	-0.009476451583	-0.04800879281	0.0	0.01085291387
797.0	0.04074591603	0.0396176281	0.001602584127	-0.00948296421	-0.04804972868	0.0	0.01085921416
798.0	0.04077270107	0.03964675589	0.001603731667	-0.009489468198	-0.04809062179	0.0	0.010865505
799.0	0.04079945391	0.03967584956	0.001604877782	-0.009495963551	-0.0481314721	0.0	0.01087178644
800.0	0.04082617462	0.03970490915	0.001606022473	-0.009502450272	-0.04817227953	0.0	0.01087805848
801.0	0.04085286325	0.0397339347	0.001607165742	-0.009508928363	-0.04821304404	0.0	0.01088432115
802.0	0.04087951983	0.03976292624	0.001608307591	-0.009515397829	-0.04825376557	0.0	0.01089057447
803.0	0.04090614443	0.03979188382	0.00160944802	-0.009521858671	-0.04829444408	0.0	0.01089681847
804.0	0.04093273708	0.03982080746	0.00161058703	-0.009528310895	-0.0483350795	0.0	0.01090305317
805.0	0.04095929784	0.03984969721	0.001611724625	-0.009534754503	-0.04837567181	0.0	0.01090927859
806.0	0.04098582675	0.0398785531	0.001612860804	-0.009541189499	-0.04841622096	0.0	0.01091549475
807.0	0.04101232386	0.03990737517	0.00161399557	-0.009547615888	-0.04845672692	0.0	0.01092170167
808.0	0.04103878923	0.03993616345	0.001615128924	-0.009554033674	-0.04849718964	0.0	0.01092789938
809.0	0.0410652229	0.03996491799	0.001616260868	-0.009560442862	-0.04853760911	0.0	0.0109340879
810.0	0.04109162491	0.03999363882	0.001617391404	-0.009566843456	-0.0485779853	0.0	0.01094026725
811.0	0.04111799532	0.04002232597	0.001618520532	-0.009573235462	-0.04861831817	0.0	0.01094643745
812.0	0.04114433417	0.04005097949	0.001619648256	-0.009579618886	-0.04865860772	0.0	0.01095259853
813.0	0.04117064152	0.04007959941	0.001620774576	-0.009585993733	-0.04869885393	0.0	0.0109587505
814.0	0.04119691741	0.04010818576	0.001621899495	-0.009592360009	-0.04873905678	0.0	0.01096489338
815.0	0.04122316189	0.0401367386	0.001623023014	-0.00959871772	-0.04877921627	0.0	0.0109710272
816.0	0.04124937501	0.04016525795	0.001624145135	-0.009605066874	-0.04881933239	0.0	0.01097715198
817.0	0.04127555681	0.04019374384	0.001625265861	-0.009611407477	-0.04885940514	0.0	0.01098326774
818.0	0.04130170735	0.04022219633	0.001626385192	-0.009617739536	-0.04889943452	0.0	0.0109893745
819.0	0.04132782667	0.04025061545	0.001627503132	-0.009624063059	-0.04893942054	0.0	0.01099547228
820.0	0.04135391482	0.04027900123	0.001628619681	-0.009630378055	-0.0489793632	0.0	0.0110015611
821.0	0.04137997184	0.04030735371	0.001629734843	-0.00963668453	-0.04901926252	0.0	0.01100764097
822.0	0.04140599779	0.04033567294	0.001630848619	-0.009642982495	-0.04905911852	0.0	0.01101371193
823.0	0.04143199271	0.04036395894	0.00163196101	-0.009649271957	-0.0490989312	0.0	0.01101977399
824.0	0.04145795665	0.04039221177	0.001633072021	-0.009655552927	-0.0491387006	0.0	0.01102582717
825.0	0.04148388965	0.04042043145	0.001634181651	-0.009661825413	-0.04917842674	0.0	0.01103187148
826.0	0.04150979176	0.04044861802	0.001635289904	-0.009668089426	-0.04921810965	0.0	0.01103790696
827.0	0.04153566303	0.04047677153	0.001636396782	-0.009674344975	-0.04925774936	0.0	0.01104393361
828.0	0.04156150351	0.04050489201	0.001637502286	-0.009680592072	-0.0492973459	0.0	0.01104995146
829.0	0.04158731323	0.04053297951	0.00163860642	-0.009686830727	-0.04933689931	0.0	0.01105596053
830.0	0.04161309225	0.04056103406	0.001639709185	-0.009693060952	-0.04937640964	0.0	0.01106196083
831.0	0.04163884061	0.04058905569	0.001640810583	-0.009699282758	-0.04941587692	0.0	0.01106795238
832.0	0.04166455835	0.04061704446	0.001641910617	-0.009705496156	-0.04945530121	0.0	0.0110739352
833.0	0.04169024553	0.0406450004	0.001643009289	-0.009711701159	-0.04949468254	0.0	0.01107990931
834.0	0.04171590218	0.04067292355	0.001644106601	-0.009717897779	-0.04953402098	0.0	0.01108587473
835.0	0.04174152836	0.04070081394	0.001645202555	-0.009724086029	-0.04957331657	0.0	0.01109183148
836.0	0.04176712409	0.04072867163	0.001646297155	-0.009730265922	-0.04961256937	0.0	0.01109777956
837.0	0.04179268944	0.04075649664	0.001647390401	-0.009736437472	-0.04965177944	0.0	0.01110371901
838.0	0.04181822443	0.04078428902	0.001648482297	-0.009742600691	-0.04969094684	0.0	0.01110964983
839.0	0.04184372913	0.04081204882	0.001649572844	-0.009748755593	-0.04973007163	0.0	0.01111557204
840.0	0.04186920356	0.04083977606	0.001650662046	-0.009754902193	-0.04976915389	0.0	0.01112148567
841.0	0.04189464777	0.04086747079	0.001651749903	-0.009761040505	-0.04980819366	0.0	0.01112739072
842.0	0.0419200618	0.04089513305	0.001652836419	-0.009767170543	-0.04984719102	0.0	0.01113328722
843.0	0.04194544571	0.04092276288	0.001653921596	-0.009773292322	-0.04988614605	0.0	0.01113917518
844.0	0.04197079952	0.04095036033	0.001655005437	-0.009779405858	-0.04992505881	0.0	0.01114505461
845.0	0.04199612328	0.04097792542	0.001656087942	-0.009785511164	-0.04996392937	0.0	0.01115092554
846.0	0.04202141703	0.04100545821	0.001657169116	-0.009791608258	-0.05000275781	0.0	0.01115678797
847.0	0.04204668081	0.04103295873	0.00165824896	-0.009797697153	-0.05004154421	0.0	0.01116264193
848.0	0.04207191467	0.04106042703	0.001659327476	-0.009803777867	-0.05008028864	0.0	0.01116848743
849.0	0.04209711865	0.04108786314	0.001660404667	-0.009809850414	-0.05011899117	0.0	0.01117432449
850.0	0.04212229277	0.04111526711	0.001661480535	-0.009815914812	-0.05015765189	0.0	0.01118015312
851.0	0.0421474371	0.04114263897	0.001662555082	-0.009821971076	-0.05019627088	0.0	0.01118597333
852.0	0.04217255166	0.04116997877	0.001663628311	-0.009828019222	-0.05023484822	0.0	0.01119178515
853.0	0.04219763649	0.04119728655	0.001664700223	-0.009834059267	-0.05027338398	0.0	0.01119758858
854.0	0.04222269164	0.04122456236	0.001665770822	-0.009840091228	-0.05031187825	0.0	0.01120338364
855.0	0.04224771714	0.04125180622	0.001666840109	-0.009846115122	-0.05035033112	0.0	0.01120917035
856.0	0.04227271303	0.04127901819	0.001667908086	-0.009852130965	-0.05038874265	0.0	0.01121494872
857.0	0.04229767935	0.0413061983	0.001668974757	-0.009858138774	-0.05042711294	0.0	0.01122071876
858.0	0.04232261615	0.04133334659	0.001670040122	-0.009864138567	-0.05046544206	0.0	0.01122648049
859.0	0.04234752345	0.04136046311	0.001671104185	-0.009870130359	-0.05050373011	0.0	0.01123223393
860.0	0.04237240129	0.0413875479	0.001672166947	-0.00987611417	-0.05054197716	0.0	0.01123797908
861.0	0.04239724972	0.041414601	0.001673228411	-0.009882090014	-0.05058018329	0.0	0.01124371597
862.0	0.04242206877	0.04144162245	0.001674288578	-0.009888057911	-0.05061834858	0.0	0.0112494446
863.0	0.04244685847	0.04146861229	0.001675347451	-0.009894017876	-0.05065647313	0.0	0.01125516499
864.0	0.04247161887	0.04149557056	0.001676405033	-0.009899969928	-0.05069455701	0.0	0.01126087716
865.0	0.04249635001	0.0415224973	0.001677461324	-0.009905914083	-0.0507326003	0.0	0.01126658111
866.0	0.04252105191	0.04154939256	0.001678516328	-0.009911850359	-0.05077060308	0.0	0.01127227686
867.0	0.04254572461	0.04157625637	0.001679570046	-0.009917778773	-0.05080856543	0.0	0.01127796443
868.0	0.04257036816	0.04160308878	0.00168062248	-0.009923699342	-0.05084648744	0.0	0.01128364383
869.0	0.04259498259	0.04162988983	0.001681673632	-0.009929612084	-0.05088436917	0.0	0.01128931507
870.0	0.04261956792	0.04165665955	0.001682723506	-0.009935517015	-0.05092221072	0.0	0.01129497816
871.0	0.04264412421	0.041683398	0.001683772101	-0.009941414153	-0.05096001215	0.0	0.01130063312
872.0	0.04266865148	0.0417101052	0.001684819421	-0.009947303514	-0.05099777354	0.0	0.01130627996
873.0	0.04269314977	0.04173678121	0.001685865468	-0.009953185116	-0.05103549498	0.0	0.0113119187
874.0	0.04271761911	0.04176342605	0.001686910242	-0.009959058976	-0.05107317652	0.0	0.01131754934
875.0	0.04274205954	0.04179003978	0.001687953747	-0.00996492511	-0.05111081825	0.0	0.01132317191
876.0	0.0427664711	0.04181662243	0.001688995985	-0.009970783535	-0.05114842024	0.0	0.01132878641
877.0	0.04279085382	0.04184317404	0.001690036956	-0.009976634268	-0.05118598256	0.0	0.01133439286
878.0	0.04281520774	0.04186969465	0.001691076663	-0.009982477326	-0.05122350528	0.0	0.01133999126
879.0	0.04283953288	0.04189618431	0.001692115109	-0.009988312724	-0.05126098847	0.0	0.01134558164
880.0	0.04286382928	0.04192264305	0.001693152294	-0.00999414048	-0.05129843219	0.0	0.01135116401
881.0	0.04288809699	0.04194907092	0.00169418822	-0.009999960609	-0.05133583651	0.0	0.01135673838
882.0	0.04291233602	0.04197546795	0.00169522289	-0.01000577313	-0.05137320151	0.0	0.01136230475
883.0	0.04293654643	0.04200183418	0.001696256305	-0.01001157805	-0.05141052723	0.0	0.01136786316
884.0	0.04296072823	0.04202816965	0.001697288466	-0.0100173754	-0.05144781375	0.0	0.01137341359
885.0	0.04298488146	0.04205447441	0.001698319377	-0.01002316518	-0.05148506113	0.0	0.01137895609
886.0	0.04300900617	0.04208074849	0.001699349038	-0.01002894742	-0.05152226942	0.0	0.01138449064
887.0	0.04303310237	0.04210699193	0.001700377451	-0.01003472212	-0.05155943868	0.0	0.01139001727
888.0	0.04305717012	0.04213320478	0.001701404617	-0.01004048931	-0.05159656898	0.0	0.01139553599
889.0	0.04308120943	0.04215938706	0.00170243054	-0.01004624899	-0.05163366036	0.0	0.01140104681
890.0	0.04310522034	0.04218553883	0.001703455219	-0.01005200119	-0.05167071288	0.0	0.01140654975
891.0	0.04312920289	0.04221166011	0.001704478657	-0.01005774592	-0.0517077266	0.0	0.01141204481
892.0	0.04315315711	0.04223775095	0.001705500856	-0.01006348319	-0.05174470156	0.0	0.01141753202
893.0	0.04317708304	0.04226381139	0.001706521817	-0.01006921302	-0.05178163782	0.0	0.01142301137
894.0	0.0432009807	0.04228984146	0.001707541541	-0.01007493542	-0.05181853542	0.0	0.0114284829
895.0	0.04322485013	0.04231584121	0.001708560031	-0.0100806504	-0.05185539441	0.0	0.0114339466
896.0	0.04324869136	0.04234181066	0.001709577287	-0.01008635799	-0.05189221484	0.0	0.0114394025
897.0	0.04327250443	0.04236774987	0.001710593312	-0.01009205819	-0.05192899675	0.0	0.0114448506
898.0	0.04329628937	0.04239365887	0.001711608107	-0.01009775102	-0.05196574019	0.0	0.01145029092
899.0	0.04332004622	0.04241953769	0.001712621673	-0.01010343649	-0.0520024452	0.0	0.01145572347
900.0	0.043343775	0.04244538638	0.001713634012	-0.01010911461	-0.05203911181	0.0	0.01146114826
901.0	0.04336747575	0.04247120497	0.001714645126	-0.0101147854	-0.05207574007	0.0	0.01146656532
902.0	0.0433911485	0.04249699351	0.001715655016	-0.01012044888	-0.05211233002	0.0	0.01147197464
903.0	0.04341479329	0.04252275201	0.001716663683	-0.01012610504	-0.05214888169	0.0	0.01147737624
904.0	0.04343841015	0.04254848054	0.001717671129	-0.01013175391	-0.05218539512	0.0	0.01148277014
905.0	0.04346199912	0.04257417912	0.001718677356	-0.01013739551	-0.05222187034	0.0	0.01148815635
906.0	0.04348556021	0.04259984778	0.001719682364	-0.01014302983	-0.05225830739	0.0	0.01149353488
907.0	0.04350909348	0.04262548658	0.001720686156	-0.0101486569	-0.0522947063	0.0	0.01149890575
908.0	0.04353259895	0.04265109554	0.001721688733	-0.01015427672	-0.0523310671	0.0	0.01150426896
909.0	0.04355607666	0.04267667469	0.001722690096	-0.01015988931	-0.05236738982	0.0	0.01150962454
910.0	0.04357952664	0.04270222409	0.001723690246	-0.01016549468	-0.05240367449	0.0	0.01151497249
911.0	0.04360294891	0.04272774376	0.001724689185	-0.01017109284	-0.05243992114	0.0	0.01152031283
912.0	0.04362634353	0.04275323374	0.001725686915	-0.0101766838	-0.05247612979	0.0	0.01152564556
913.0	0.04364971051	0.04277869407	0.001726683437	-0.01018226757	-0.05251230048	0.0	0.01153097072
914.0	0.0436730499	0.04280412478	0.001727678751	-0.01018784418	-0.05254843322	0.0	0.0115362883
915.0	0.04369636172	0.04282952591	0.001728672861	-0.01019341361	-0.05258452804	0.0	0.01154159832
916.0	0.04371964601	0.0428548975	0.001729665766	-0.0101989759	-0.05262058497	0.0	0.01154690079
917.0	0.0437429028	0.04288023958	0.001730657469	-0.01020453104	-0.05265660402	0.0	0.01155219574
918.0	0.04376613213	0.04290555218	0.00173164797	-0.01021007905	-0.05269258523	0.0	0.01155748316
919.0	0.04378933403	0.04293083535	0.001732637271	-0.01021561993	-0.05272852861	0.0	0.01156276307
920.0	0.04381250853	0.04295608912	0.001733625374	-0.01022115371	-0.05276443418	0.0	0.0115680355
921.0	0.04383565567	0.04298131352	0.00173461228	-0.01022668039	-0.05280030196	0.0	0.01157330044
922.0	0.04385877547	0.04300650859	0.001735597989	-0.01023219997	-0.05283613198	0.0	0.01157855792
923.0	0.04388186799	0.04303167437	0.001736582504	-0.01023771248	-0.05287192425	0.0	0.01158380794
924.0	0.04390493323	0.04305681088	0.001737565826	-0.01024321791	-0.05290767879	0.0	0.01158905053
925.0	0.04392797125	0.04308191818	0.001738547956	-0.01024871629	-0.05294339562	0.0	0.01159428569
926.0	0.04395098208	0.04310699628	0.001739528896	-0.01025420761	-0.05297907476	0.0	0.01159951344
927.0	0.04397396574	0.04313204523	0.001740508646	-0.0102596919	-0.05301471622	0.0	0.01160473378
928.0	0.04399692227	0.04315706506	0.001741487209	-0.01026516915	-0.05305032003	0.0	0.01160994675
929.0	0.04401985171	0.0431820558	0.001742464585	-0.01027063938	-0.0530858862	0.0	0.01161515234
930.0	0.04404275408	0.04320701749	0.001743440776	-0.01027610259	-0.05312141474	0.0	0.01162035057
931.0	0.04406562943	0.04323195017	0.001744415783	-0.0102815588	-0.05315690567	0.0	0.01162554145
932.0	0.04408847779	0.04325685387	0.001745389607	-0.01028700802	-0.05319235902	0.0	0.011630725
933.0	0.04411129919	0.04328172862	0.001746362251	-0.01029245026	-0.05322777479	0.0	0.01163590124
934.0	0.04413409366	0.04330657446	0.001747333715	-0.01029788551	-0.053263153	0.0	0.01164107017
935.0	0.04415686123	0.04333139142	0.001748304	-0.0103033138	-0.05329849367	0.0	0.0116462318
936.0	0.04417960195	0.04335617954	0.001749273108	-0.01030873514	-0.05333379681	0.0	0.01165138616
937.0	0.04420231585	0.04338093884	0.001750241041	-0.01031414952	-0.05336906244	0.0	0.01165653326
938.0	0.04422500295	0.04340566938	0.001751207799	-0.01031955696	-0.05340429058	0.0	0.0116616731
939.0	0.0442476633	0.04343037117	0.001752173384	-0.01032495748	-0.05343948124	0.0	0.0116668057
940.0	0.04427029692	0.04345504425	0.001753137798	-0.01033035107	-0.05347463444	0.0	0.01167193108
941.0	0.04429290386	0.04347968866	0.001754101041	-0.01033573774	-0.0535097502	0.0	0.01167704925
942.0	0.04431548413	0.04350430443	0.001755063115	-0.01034111751	-0.05354482852	0.0	0.01168216022
943.0	0.04433803779	0.0435288916	0.001756024022	-0.01034649039	-0.05357986943	0.0	0.01168726401
944.0	0.04436056486	0.04355345019	0.001756983762	-0.01035185638	-0.05361487295	0.0	0.01169236062
945.0	0.04438306537	0.04357798025	0.001757942338	-0.01035721549	-0.05364983909	0.0	0.01169745008
946.0	0.04440553937	0.0436024818	0.00175889975	-0.01036256773	-0.05368476787	0.0	0.01170253239
947.0	0.04442798687	0.04362695487	0.001759856	-0.0103679131	-0.05371965931	0.0	0.01170760757
948.0	0.04445040793	0.04365139952	0.001760811089	-0.01037325163	-0.05375451342	0.0	0.01171267563
949.0	0.04447280257	0.04367581575	0.001761765019	-0.01037858331	-0.05378933023	0.0	0.01171773658
950.0	0.04449517082	0.04370020362	0.001762717791	-0.01038390815	-0.05382410975	0.0	0.01172279045
951.0	0.04451751272	0.04372456315	0.001763669406	-0.01038922617	-0.05385885201	0.0	0.01172783723
952.0	0.0445398283	0.04374889438	0.001764619866	-0.01039453737	-0.05389355701	0.0	0.01173287696
953.0	0.04456211759	0.04377319733	0.001765569173	-0.01039984176	-0.05392822478	0.0	0.01173790962
954.0	0.04458438064	0.04379747205	0.001766517327	-0.01040513935	-0.05396285535	0.0	0.01174293525
955.0	0.04460661747	0.04382171857	0.00176746433	-0.01041043014	-0.05399744873	0.0	0.01174795385
956.0	0.04462882812	0.04384593691	0.001768410184	-0.01041571415	-0.05403200495	0.0	0.01175296544
957.0	0.04465101262	0.04387012712	0.001769354889	-0.01042099139	-0.05406652402	0.0	0.01175797003
958.0	0.044673171	0.04389428922	0.001770298448	-0.01042626186	-0.05410100596	0.0	0.01176296763
959.0	0.0446953033	0.04391842325	0.001771240862	-0.01043152557	-0.05413545081	0.0	0.01176795826
960.0	0.04471740955	0.04394252924	0.001772182132	-0.01043678253	-0.05416985859	0.0	0.01177294193
961.0	0.04473948978	0.04396660723	0.001773122259	-0.01044203275	-0.0542042293	0.0	0.01177791864
962.0	0.04476154403	0.04399065724	0.001774061246	-0.01044727624	-0.054238563	0.0	0.01178288842
963.0	0.04478357234	0.04401467932	0.001774999092	-0.010452513	-0.05427285968	0.0	0.01178785128
964.0	0.04480557473	0.04403867349	0.001775935801	-0.01045774305	-0.05430711939	0.0	0.01179280723
965.0	0.04482755123	0.04406263978	0.001776871373	-0.0104629664	-0.05434134215	0.0	0.01179775628
966.0	0.04484950189	0.04408657824	0.00177780581	-0.01046818305	-0.05437552798	0.0	0.01180269844
967.0	0.04487142673	0.04411048889	0.001778739114	-0.01047339301	-0.05440967691	0.0	0.01180763373
968.0	0.04489332579	0.04413437176	0.001779671285	-0.01047859629	-0.05444378897	0.0	0.01181256217
969.0	0.0449151991	0.04415822689	0.001780602325	-0.01048379291	-0.05447786419	0.0	0.01181748375
970.0	0.0449370467	0.04418205432	0.001781532236	-0.01048898286	-0.05451190259	0.0	0.0118223985
971.0	0.04495886861	0.04420585406	0.001782461019	-0.01049416616	-0.0545459042	0.0	0.01182730643
972.0	0.04498066486	0.04422962617	0.001783388675	-0.01049934282	-0.05457986905	0.0	0.01183220754
973.0	0.04500243551	0.04425337066	0.001784315207	-0.01050451284	-0.05461379718	0.0	0.01183710186
974.0	0.04502418056	0.04427708758	0.001785240615	-0.01050967624	-0.0546476886	0.0	0.0118419894
975.0	0.04504590007	0.04430077695	0.001786164901	-0.01051483302	-0.05468154337	0.0	0.01184687016
976.0	0.04506759405	0.0443244388	0.001787088067	-0.0105199832	-0.05471536149	0.0	0.01185174415
977.0	0.04508926255	0.04434807318	0.001788010114	-0.01052512678	-0.05474914302	0.0	0.0118566114
978.0	0.04511090559	0.04437168011	0.001788931043	-0.01053026377	-0.05478288797	0.0	0.01186147192
979.0	0.04513252321	0.04439525963	0.001789850856	-0.01053539418	-0.05481659638	0.0	0.0118663257
980.0	0.04515411544	0.04441881176	0.001790769554	-0.01054051803	-0.05485026829	0.0	0.01187117278
981.0	0.04517568231	0.04444233655	0.00179168714	-0.01054563531	-0.05488390373	0.0	0.01187601315
982.0	0.04519722386	0.04446583402	0.001792603614	-0.01055074604	-0.05491750273	0.0	0.01188084684
983.0	0.04521874012	0.0444893042	0.001793518978	-0.01055585024	-0.05495106533	0.0	0.01188567384
984.0	0.04524023111	0.04451274713	0.001794433233	-0.0105609479	-0.05498459157	0.0	0.01189049418
985.0	0.04526169688	0.04453616285	0.001795346381	-0.01056603904	-0.05501808147	0.0	0.01189530787
986.0	0.04528313745	0.04455955138	0.001796258424	-0.01057112366	-0.05505153507	0.0	0.01190011492
987.0	0.04530455285	0.04458291275	0.001797169362	-0.01057620178	-0.05508495241	0.0	0.01190491533
988.0	0.04532594312	0.044606247	0.001798079198	-0.01058127341	-0.05511833353	0.0	0.01190970913
989.0	0.04534730829	0.04462955416	0.001798987933	-0.01058633856	-0.05515167847	0.0	0.01191449632
990.0	0.0453686484	0.04465283427	0.001799895568	-0.01059139723	-0.05518498725	0.0	0.01191927691
991.0	0.04538996346	0.04467608735	0.001800802105	-0.01059644944	-0.05521825992	0.0	0.01192405092
992.0	0.04541125351	0.04469931344	0.001801707545	-0.01060149519	-0.05525149652	0.0	0.01192881836
993.0	0.04543251859	0.04472251257	0.00180261189	-0.0106065345	-0.05528469708	0.0	0.01193357923
994.0	0.04545375873	0.04474568477	0.001803515142	-0.01061156737	-0.05531786164	0.0	0.01193833355
995.0	0.04547497396	0.04476883008	0.001804417301	-0.01061659382	-0.05535099025	0.0	0.01194308134
996.0	0.0454961643	0.04479194852	0.00180531837	-0.01062161385	-0.05538408293	0.0	0.0119478226
997.0	0.04551732979	0.04481504013	0.001806218349	-0.01062662747	-0.05541713973	0.0	0.01195255734
998.0	0.04553847047	0.04483810495	0.001807117241	-0.0106316347	-0.05545016069	0.0	0.01195728557
999.0	0.04555958636	0.044861143	0.001808015047	-0.01063663554	-0.05548314585	0.0	0.01196200732
1000.0	0.04558067749	0.04488415431	0.001808911768	-0.01064163001	-0.05551609524	0.0	0.01196672257
