# (1)t	# (2) P[4<--1](t)	# (3) P[4<--2](t)	# (4) P[4<--3](t)	# (5) P[4<--4](t)	# (6) P[4<--5](t)	# (7) P[4<--6](t)	# (8) P[4<--7](t)
0.0	0.0	0.0	0.0	0.0	0.0	0.0	0.0
1.0	1.234649425e-6	-2.789849664e-10	6.986425459e-10	0.0	1.036478708e-10	2.288406266e-10	1.54675815e-10
2.0	4.93659248e-6	-2.78608026e-9	6.980019332e-9	0.0	1.034208292e-9	2.285700161e-9	1.545229265e-9
3.0	1.110032561e-5	-1.251504038e-8	3.137220625e-8	0.0	4.63958124e-9	1.026932705e-8	6.944236613e-9
4.0	1.971748217e-5	-3.773686799e-8	9.466689701e-8	0.0	1.396365604e-8	3.09721074e-8	2.095028051e-8
5.0	3.077703709e-5	-8.992937194e-8	2.257982173e-7	0.0	3.319351097e-8	7.382583204e-8	4.995620758e-8
6.0	4.426544601e-5	-1.836860521e-7	4.616839585e-7	0.0	6.758668028e-8	1.508297511e-7	1.021062616e-7
7.0	6.016674363e-5	-3.366069451e-7	8.470325857e-7	0.0	1.233791263e-7	2.76462253e-7	1.872424045e-7
8.0	7.846261202e-5	-5.691737556e-7	1.434118813e-6	0.0	2.076746456e-7	4.6757734e-7	3.168400234e-7
9.0	9.913242478e-5	-9.046113845e-7	2.282530111e-6	0.0	3.283165137e-7	7.432869604e-7	5.039331442e-7
10.0	0.0001221532708	-1.368737779e-6	3.458886138e-6	0.0	4.937422524e-7	1.124830166e-6	7.630292275e-7
11.0	0.000147499961	-1.989803864e-6	5.036532787e-6	0.0	7.128224762e-7	1.635429997e-6	1.110013594e-6
12.0	0.0001751450198	-2.798325145e-6	7.095212257e-6	0.0	9.946848585e-7	2.300138926e-6	1.56204353e-6
13.0	0.0002050586661	-3.82690637e-6	9.72071025e-6	0.0	1.34852429e-6	3.145673637e-6	2.137432089e-6
14.0	0.000237208783	-5.110060557e-6	1.300448133e-5	0.0	1.783400469e-6	4.200239898e-6	2.855521704e-6
15.0	0.0002715608826	-6.684023478e-6	1.704325336e-5	0.0	2.308024258e-6	5.493348335e-6	3.736547782e-6
16.0	0.0003080780652	-8.586564527e-6	2.193861152e-5	0.0	2.930534031e-6	7.05562168e-6	4.80149233e-6
17.0	0.0003467209773	-1.085679489e-5	2.7796563e-5	0.0	3.658263753e-6	8.918594478e-6	6.071928131e-6
18.0	0.0003874477697	-1.353497371e-5	3.472708269e-5	0.0	4.497504246e-6	1.111450585e-5	7.569853614e-6
19.0	0.0004302140587	-1.666231278e-5	4.284364087e-5	0.0	5.453259291e-6	1.367608617e-5	9.317519007e-6
20.0	0.0004749728923	-2.028078052e-5	5.226271399e-5	0.0	6.528998716e-6	1.663633869e-5	1.133724449e-5
21.0	0.000521674723	-2.443290551e-5	6.310327899e-5	0.0	7.726410157e-6	2.002831694e-5	1.365123085e-5
22.0	0.0005702673894	-2.916158017e-5	7.548629302e-5	0.0	9.045151695e-6	2.388489885e-5	1.628136378e-5
23.0	0.0006206961088	-3.450986475e-5	8.953415939e-5	0.0	1.048260758e-5	2.823855897e-5	1.924901256e-5
24.0	0.0006729034808	-4.052079229e-5	0.0001053701816	0.0	1.203364927e-5	3.312113963e-5	2.257482445e-5
25.0	0.0007268295044	-4.723717459e-5	0.0001231180074	0.0	1.369040421e-5	3.856362258e-5	2.627851598e-5
26.0	0.0007824116099	-5.470140971e-5	0.0001429010643	0.0	1.544203479e-5	4.459590224e-5	3.037866248e-5
27.0	0.0008395847043	-6.295529138e-5	0.0001648419893	0.0	1.727452998e-5	5.124656202e-5	3.489248745e-5
28.0	0.0008982812341	-7.203982044e-5	0.0001890620559	0.0	1.917051221e-5	5.854265529e-5	3.983565325e-5
29.0	0.0009584312627	-8.199501901e-5	0.0002156805994	0.0	2.110906194e-5	6.650949217e-5	4.522205489e-5
30.0	0.001019962565	-9.285974755e-5	0.0002448144446	0.0	2.306556253e-5	7.517043405e-5	5.106361851e-5
31.0	0.001082800738	-0.0001046715254	0.0002765773393	0.0	2.501156787e-5	8.454669709e-5	5.73701066e-5
32.0	0.001146869326	-0.0001174663551	0.0003110793953	0.0	2.69146951e-5	9.465716637e-5	6.414893143e-5
33.0	0.001212089966	-0.0001312785514	0.0003484265414	0.0	2.87385447e-5	0.0001055182222	7.140497891e-5
34.0	0.001278382542	-0.0001461405746	0.0003887199915	0.0	3.044265018e-5	0.0001171435801	7.914044432e-5
35.0	0.001345665357	-0.0001620828702	0.0004320557307	0.0	3.198245913e-5	0.0001295441456	8.735468199e-5
36.0	0.001413855322	-0.000179133714	0.0004785240234	0.0	3.330934762e-5	0.000142727886	9.604407043e-5
37.0	0.001482868149	-0.000197319064	0.000528208946	0.0	3.437066932e-5	0.0001566997193	0.0001052018947
38.0	0.001552618566	-0.00021666242	0.0005811879487	0.0	3.510984056e-5	0.0001714614218	0.0001148182474
39.0	0.001623020531	-0.0002371846905	0.0006375314479	0.0	3.546646247e-5	0.0001870115567	0.0001248799498
40.0	0.001693987466	-0.0002589040689	0.0006973024534	0.0	3.537648069e-5	0.0002033454217	0.0001353704946
41.0	0.001765432491	-0.0002818359188	0.0007605562327	0.0	3.477238295e-5	0.0002204550196	0.0001462700105
42.0	0.001837268665	-0.0003059926683	0.0008273400151	0.0	3.358343475e-5	0.0002383290503	0.000157555251
43.0	0.001909409236	-0.0003313837164	0.0008976927378	0.0	3.173595239e-5	0.0002569529245	0.0001691996064
44.0	0.001981767892	-0.0003580153488	0.0009716448357	0.0	2.915361291e-5	0.0002763088016	0.0001811731413
45.0	0.002054259008	-0.0003858906665	0.001049218078	0.0	2.575779957e-5	0.0002963756486	0.0001934426564
46.0	0.002126797904	-0.0004150095259	0.001130425448	0.0	2.146798155e-5	0.000317129322	0.0002059717758
47.0	0.002199301092	-0.0004453684919	0.001215271079	0.0	1.620212582e-5	0.0003385426716	0.0002187210585
48.0	0.002271686524	-0.0004769608034	0.00130375023	0.0	9.877139022e-6	0.0003605856659	0.000231648135
49.0	0.002343873837	-0.0005097763528	0.001395849313	0.0	2.40933682e-6	0.0003832255374	0.0002447078675
50.0	0.00241578459	-0.0005438016787	0.001491545975	0.0	-6.285062298e-6	0.0004064269478	0.0002578525331
51.0	0.002487342495	-0.0005790199728	0.001590809217	0.0	-1.628942196e-5	0.0004301521719	0.0002710320292
52.0	0.002558473637	-0.0006154110999	0.001693599572	0.0	-2.76861551e-5	0.0004543612979	0.0002841940993
53.0	0.002629106691	-0.0006529516332	0.001799869324	0.0	-4.055617722e-5	0.0004790124439	0.0002972845782
54.0	0.002699173121	-0.0006916149025	0.001909562767	0.0	-5.497834962e-5	0.0005040619877	0.000310247655
55.0	0.002768607369	-0.0007313710569	0.002022616516	0.0	-7.102891687e-5	0.0005294648092	0.0003230261514
56.0	0.002837347037	-0.0007721871409	0.002138959851	0.0	-8.878094283e-5	0.0005551745431	0.0003355618142
57.0	0.002905333051	-0.0008140271842	0.002258515103	0.0	-0.0001083037496	0.0005811438398	0.0003477956193
58.0	0.002972509807	-0.0008568523043	0.002381198077	0.0	-0.000129662364	0.0006073246326	0.0003596680851
59.0	0.003038825312	-0.0009006208224	0.002506918496	0.0	-0.000152916976	0.0006336684092	0.000371119593
60.0	0.003104231299	-0.0009452883902	0.00263558049	0.0	-0.0001781224136	0.0006601264852	0.0003820907126
61.0	0.003168683339	-0.0009908081299	0.0027670831	0.0	-0.0002053276391	0.0006866502784	0.0003925225296
62.0	0.00323214092	-0.001037130784	0.002901320804	0.0	-0.0002345752699	0.0007131915795	0.0004023569721
63.0	0.003294567529	-0.001084204875	0.003038184068	0.0	-0.0002659011292	0.0007397028201	0.0004115371362
64.0	0.003355930701	-0.001131976877	0.003177559901	0.0	-0.0002993338306	0.000766137334	0.0004200076045
65.0	0.003416202065	-0.001180391392	0.003319332434	0.0	-0.0003348943991	0.0007924496098	0.0004277147582
66.0	0.003475357361	-0.001229391339	0.003463383495	0.0	-0.0003725959335	0.0008185955347	0.000434607079
67.0	0.003533376454	-0.001278918143	0.00360959319	0.0	-0.0004124433123	0.0008445326254	0.0004406354382
68.0	0.003590243322	-0.001328911937	0.003757840485	0.0	-0.000454432947	0.0008702202461	0.0004457533721
69.0	0.003645946034	-0.001379311767	0.003908003785	0.0	-0.0004985525843	0.0008956198121	0.000449917341
70.0	0.003700476713	-0.001430055797	0.004059961501	0.0	-0.0005447811599	0.0009206949761	0.0004530869693
71.0	0.003753831479	-0.001481081519	0.004213592605	0.0	-0.0005930887054	0.0009454117975	0.0004552252658
72.0	0.003806010385	-0.00153232597	0.00436877718	0.0	-0.0006434363102	0.0009697388941	0.000456298823
73.0	0.003857017339	-0.001583725941	0.004525396938	0.0	-0.0006957761384	0.0009936475726	0.0004562779922
74.0	0.003906860005	-0.001635218192	0.004683335733	0.0	-0.0007500515015	0.001017111941	0.000455137036
75.0	0.003955549706	-0.001686739666	0.004842480033	0.0	-0.0008061969873	0.001040108998	0.0004528542542
76.0	0.004003101301	-0.001738227694	0.005002719387	0.0	-0.000864138644	0.001062618707	0.0004494120847
77.0	0.004049533064	-0.001789620206	0.005163946843	0.0	-0.0009237942189	0.001084624039	0.000444797178
78.0	0.004094866544	-0.001840855932	0.005326059357	0.0	-0.00098507345	0.001106111006	0.0004390004442
79.0	0.004139126425	-0.001891874599	0.005488958153	0.0	-0.00104787841	0.001127068667	0.000432017074
80.0	0.004182340371	-0.001942617123	0.005652549061	0.0	-0.001112103899	0.001147489113	0.0004238465324
81.0	0.004224538865	-0.001993025794	0.005816742819	0.0	-0.001177637883	0.001167367437	0.0004144925262
82.0	0.004265755048	-0.002043044456	0.005981455337	0.0	-0.001244361979	0.00118670168	0.0004039629452
83.0	0.004306024546	-0.002092618672	0.00614660793	0.0	-0.001312151979	0.001205492761	0.0003922697785
84.0	0.004345385294	-0.002141695887	0.006312127513	0.0	-0.001380878412	0.001223744393	0.0003794290065
85.0	0.004383877358	-0.002190225579	0.006477946763	0.0	-0.001450407139	0.001241462974	0.0003654604692
86.0	0.004421542755	-0.002238159399	0.00664400424	0.0	-0.001520599977	0.001258657469	0.0003503877128
87.0	0.004458425269	-0.002285451306	0.006810244482	0.0	-0.001591315351	0.001275339284	0.0003342378155
88.0	0.004494570267	-0.00233205768	0.006976618055	0.0	-0.001662408967	0.001291522113	0.0003170411945
89.0	0.004530024516	-0.002377937437	0.007143081578	0.0	-0.001733734494	0.001307221788	0.0002988313946
90.0	0.004564835995	-0.002423052121	0.007309597714	0.0	-0.00180514427	0.001322456111	0.0002796448622
91.0	0.004599053718	-0.002467365996	0.007476135125	0.0	-0.001876490006	0.001337244684	0.0002595207046
92.0	0.004632727548	-0.002510846113	0.007642668402	0.0	-0.001947623497	0.001351608725	0.0002385004375
93.0	0.004665908022	-0.002553462377	0.007809177966	0.0	-0.00201839733	0.001365570892	0.0002166277223
94.0	0.004698646174	-0.002595187594	0.007975649941	0.0	-0.002088665583	0.001379155089	0.0001939480954
95.0	0.004730993365	-0.00263599751	0.008142076001	0.0	-0.002158284523	0.00139238628	0.0001705086917
96.0	0.004763001115	-0.002675870839	0.008308453197	0.0	-0.00222711327	0.001405290299	0.0001463579633
97.0	0.004794720938	-0.002714789276	0.008474783762	0.0	-0.002295014465	0.001417893667	0.0001215453967
98.0	0.00482620419	-0.002752737498	0.008641074896	0.0	-0.002361854894	0.001430223399	9.612122975e-5
99.0	0.004857501912	-0.002789703162	0.008807338532	0.0	-0.002427506098	0.001442306831	7.013617032e-5
100.0	0.004888664687	-0.002825676883	0.008973591089	0.0	-0.002491844945	0.001454171439	4.364111848e-5
101.0	0.004919742499	-0.002860652204	0.009139853215	0.0	-0.002554754176	0.001465844672	1.668689431e-5
102.0	0.004950784601	-0.002894625558	0.009306149512	0.0	-0.002616122904	0.001477353791	-1.067602729e-5
103.0	0.004981839386	-0.00292759622	0.009472508257	0.0	-0.00267584708	0.001488725711	-3.83977731e-5
104.0	0.005012954271	-0.002959566248	0.009638961112	0.0	-0.00273382992	0.001499986865	-6.64293178e-5
105.0	0.005044175583	-0.002990540415	0.009805542834	0.0	-0.002789982279	0.001511163059	-9.47227187e-5
106.0	0.005075548455	-0.003020526138	0.009972290974	0.0	-0.002844222989	0.001522279358	-0.0001232313377
107.0	0.005107116724	-0.003049533391	0.01013924558	0.0	-0.002896479142	0.001533359969	-0.0001519100489
108.0	0.005138922848	-0.003077574618	0.01030644891	0.0	-0.002946686335	0.00154442814	-0.0001807154323
109.0	0.005171007817	-0.003104664637	0.01047394512	0.0	-0.002994788856	0.001555506073	-0.0002096059501
110.0	0.005203411081	-0.003130820538	0.01064177995	0.0	-0.003040739827	0.001566614846	-0.0002385421081
111.0	0.005236170479	-0.003156061574	0.0108100005	0.0	-0.003084501301	0.001577774347	-0.0002674865993
112.0	0.005269322183	-0.003180409049	0.01097865488	0.0	-0.003126044304	0.001589003226	-0.0002964044295
113.0	0.005302900637	-0.003203886207	0.01114779196	0.0	-0.003165348835	0.001600318846	-0.0003252630267
114.0	0.00533693852	-0.003226518104	0.01131746111	0.0	-0.003202403815	0.001611737264	-0.0003540323306
115.0	0.005371466697	-0.003248331493	0.01148771192	0.0	-0.003237206995	0.001623273206	-0.0003826848657
116.0	0.005406514194	-0.003269354695	0.01165859395	0.0	-0.003269764818	0.001634940064	-0.0004111957959
117.0	0.005442108166	-0.003289617472	0.01183015653	0.0	-0.003300092235	0.0016467499	-0.0004395429615
118.0	0.005478273883	-0.003309150903	0.01200244846	0.0	-0.003328212494	0.001658713457	-0.0004677068992
119.0	0.005515034712	-0.003327987251	0.01217551788	0.0	-0.003354156871	0.001670840188	-0.0004956708453
120.0	0.005552412111	-0.003346159835	0.01234941197	0.0	-0.003377964385	0.001683138285	-0.0005234207224
121.0	0.005590425629	-0.003363702906	0.01252417684	0.0	-0.003399681469	0.001695614717	-0.0005509451109
122.0	0.005629092909	-0.003380651512	0.01269985731	0.0	-0.003419361615	0.001708275284	-0.0005782352058
123.0	0.005668429695	-0.003397041378	0.01287649675	0.0	-0.003437064989	0.001721124665	-0.0006052847588
124.0	0.005708449851	-0.003412908779	0.01305413692	0.0	-0.003452858023	0.001734166481	-0.0006320900087
125.0	0.005749165373	-0.003428290417	0.01323281783	0.0	-0.003466812987	0.001747403359	-0.000658649598
126.0	0.005790586422	-0.003443223301	0.01341257764	0.0	-0.003479007544	0.001760837002	-0.0006849644801
127.0	0.005832721341	-0.003457744633	0.0135934525	0.0	-0.00348952428	0.001774468257	-0.0007110378149
128.0	0.005875576697	-0.003471891688	0.01377547647	0.0	-0.003498450236	0.001788297196	-0.0007368748567
129.0	0.005919157308	-0.003485701711	0.01395868144	0.0	-0.00350587642	0.001802323188	-0.0007624828334
130.0	0.005963466287	-0.003499211804	0.01414309703	0.0	-0.003511897316	0.001816544975	-0.0007878708191
131.0	0.006008505082	-0.003512458826	0.01432875052	0.0	-0.003516610391	0.001830960753	-0.0008130496014
132.0	0.00605427352	-0.003525479296	0.01451566681	0.0	-0.003520115603	0.001845568247	-0.0008380315433
133.0	0.006100769856	-0.003538309296	0.01470386837	0.0	-0.003522514903	0.001860364785	-0.0008628304425
134.0	0.006147990824	-0.003550984385	0.01489337522	0.0	-0.003523911754	0.001875347376	-0.0008874613879
135.0	0.006195931684	-0.003563539511	0.01508420484	0.0	-0.003524410646	0.001890512775	-0.0009119406144
136.0	0.006244586284	-0.003576008933	0.01527637225	0.0	-0.00352411663	0.001905857557	-0.0009362853579
137.0	0.006293947106	-0.003588426147	0.01546988991	0.0	-0.003523134857	0.001921378178	-0.0009605137105
138.0	0.00634400533	-0.003600823815	0.0156647678	0.0	-0.003521570136	0.001937071039	-0.000984644477
139.0	0.006394750891	-0.003613233698	0.01586101336	0.0	-0.003519526506	0.001952932538	-0.001008697035
140.0	0.006446172533	-0.003625686602	0.01605863156	0.0	-0.003517106825	0.001968959128	-0.001032691195
141.0	0.006498257878	-0.003638212317	0.01625762488	0.0	-0.003514412379	0.001985147358	-0.001056647069
142.0	0.006550993476	-0.003650839572	0.01645799339	0.0	-0.003511542513	0.002001493921	-0.001080584942
143.0	0.006604364876	-0.003663595988	0.01665973472	0.0	-0.003508594283	0.002017995687	-0.001104525142
144.0	0.00665835668	-0.003676508039	0.01686284415	0.0	-0.003505662128	0.002034649734	-0.001128487931
145.0	0.006712952605	-0.003689601016	0.01706731465	0.0	-0.003502837573	0.002051453378	-0.001152493384
146.0	0.006768135548	-0.003702899	0.01727313692	0.0	-0.003500208944	0.002068404191	-0.001176561291
147.0	0.006823887643	-0.003716424834	0.01748029943	0.0	-0.003497861125	0.002085500017	-0.001200711052
148.0	0.006880190323	-0.003730200102	0.01768878851	0.0	-0.003495875324	0.002102738982	-0.001224961593
149.0	0.006937024378	-0.003744245117	0.0178985884	0.0	-0.003494328871	0.0021201195	-0.001249331277
150.0	0.006994370016	-0.003758578902	0.01810968129	0.0	-0.003493295046	0.002137640274	-0.001273837832
151.0	0.007052206921	-0.003773219188	0.01832204744	0.0	-0.003492842921	0.00215530029	-0.001298498278
152.0	0.00711051431	-0.003788182407	0.01853566519	0.0	-0.003493037239	0.002173098809	-0.001323328874
153.0	0.007169270987	-0.003803483696	0.01875051109	0.0	-0.003493938307	0.002191035354	-0.001348345061
154.0	0.007228455404	-0.003819136894	0.01896655994	0.0	-0.003495601919	0.002209109695	-0.001373561418
155.0	0.007288045709	-0.003835154556	0.01918378485	0.0	-0.003498079301	0.002227321824	-0.001398991625
156.0	0.007348019804	-0.00385154796	0.01940215737	0.0	-0.003501417076	0.002245671938	-0.001424648435
157.0	0.00740835539	-0.003868327121	0.01962164754	0.0	-0.003505657254	0.002264160407	-0.00145054365
158.0	0.007469030024	-0.00388550081	0.01984222394	0.0	-0.003510837237	0.002282787749	-0.001476688106
159.0	0.007530021164	-0.00390307657	0.02006385383	0.0	-0.003516989853	0.002301554596	-0.001503091666
160.0	0.007591306216	-0.003921060742	0.02028650318	0.0	-0.003524143397	0.002320461667	-0.001529763215
161.0	0.007652862581	-0.003939458486	0.02051013679	0.0	-0.003532321695	0.002339509727	-0.001556710666
162.0	0.007714667697	-0.003958273809	0.02073471834	0.0	-0.003541544189	0.002358699557	-0.001583940968
163.0	0.007776699085	-0.003977509596	0.02096021049	0.0	-0.003551826026	0.002378031918	-0.00161146012
164.0	0.007838934383	-0.003997167638	0.02118657496	0.0	-0.003563178167	0.002397507513	-0.001639273193
165.0	0.007901351395	-0.004017248667	0.02141377261	0.0	-0.00357560751	0.002417126954	-0.00166738435
166.0	0.007963928117	-0.004037752388	0.02164176351	0.0	-0.00358911702	0.002436890729	-0.001695796879
167.0	0.008026642782	-0.004058677515	0.02187050705	0.0	-0.00360370587	0.00245679916	-0.001724513218
168.0	0.00808947389	-0.004080021807	0.02209996198	0.0	-0.003619369591	0.00247685238	-0.001753534995
169.0	0.00815240024	-0.004101782108	0.02233008652	0.0	-0.00363610023	0.002497050293	-0.001782863061
170.0	0.008215400961	-0.004123954385	0.02256083844	0.0	-0.003653886515	0.002517392548	-0.001812497533
171.0	0.008278455542	-0.004146533765	0.02279217511	0.0	-0.003672714021	0.002537878509	-0.001842437834
172.0	0.008341543859	-0.004169514576	0.0230240536	0.0	-0.003692565346	0.00255850723	-0.001872682734
173.0	0.008404646199	-0.004192890389	0.02325643077	0.0	-0.003713420282	0.002579277431	-0.001903230395
174.0	0.008467743286	-0.00421665406	0.02348926329	0.0	-0.003735255997	0.002600187476	-0.001934078419
175.0	0.008530816302	-0.004240797764	0.02372250778	0.0	-0.003758047212	0.002621235352	-0.001965223886
176.0	0.008593846909	-0.004265313044	0.02395612082	0.0	-0.003781766379	0.002642418657	-0.001996663405
177.0	0.008656817265	-0.004290190848	0.02419005909	0.0	-0.003806383857	0.002663734581	-0.002028393157
178.0	0.008719710048	-0.004315421572	0.02442427936	0.0	-0.003831868092	0.002685179902	-0.002060408935
179.0	0.008782508464	-0.004340995097	0.02465873862	0.0	-0.003858185788	0.002706750971	-0.002092706194
180.0	0.008845196267	-0.004366900834	0.02489339413	0.0	-0.003885302075	0.002728443713	-0.002125280088
181.0	0.008907757771	-0.004393127759	0.02512820344	0.0	-0.003913180683	0.002750253619	-0.002158125511
182.0	0.008970177861	-0.004419664458	0.02536312453	0.0	-0.003941784098	0.002772175754	-0.002191237139
183.0	0.009032442004	-0.004446499161	0.02559811581	0.0	-0.003971073722	0.002794204753	-0.002224609466
184.0	0.009094536255	-0.00447361978	0.02583313618	0.0	-0.004001010028	0.002816334834	-0.002258236836
185.0	0.00915644727	-0.004501013952	0.02606814513	0.0	-0.004031552706	0.002838559802	-0.002292113484
186.0	0.009218162307	-0.004528669069	0.02630310275	0.0	-0.004062660802	0.002860873063	-0.002326233558
187.0	0.009279669234	-0.004556572318	0.02653796979	0.0	-0.004094292861	0.002883267636	-0.002360591158
188.0	0.009340956532	-0.004584710712	0.02677270771	0.0	-0.004126407048	0.002905736173	-0.002395180355
189.0	0.009402013297	-0.004613071129	0.02700727876	0.0	-0.004158961278	0.002928270973	-0.00242999522
190.0	0.009462829241	-0.00464164034	0.02724164596	0.0	-0.00419191333	0.002950864007	-0.002465029845
191.0	0.009523394694	-0.004670405043	0.0274757732	0.0	-0.004225220955	0.002973506935	-0.002500278365
192.0	0.009583700603	-0.004699351894	0.02770962523	0.0	-0.004258841985	0.002996191137	-0.002535734971
193.0	0.009643738528	-0.004728467537	0.02794316775	0.0	-0.004292734428	0.00301890773	-0.002571393931
194.0	0.009703500642	-0.00475773863	0.02817636739	0.0	-0.004326856555	0.003041647604	-0.002607249599
195.0	0.009762979725	-0.004787151876	0.02840919178	0.0	-0.004361166993	0.003064401443	-0.00264329643
196.0	0.00982216916	-0.004816694048	0.02864160955	0.0	-0.004395624796	0.003087159758	-0.002679528986
197.0	0.009881062929	-0.004846352012	0.02887359038	0.0	-0.004430189521	0.003109912916	-0.002715941944
198.0	0.009939655605	-0.004876112754	0.02910510502	0.0	-0.004464821296	0.003132651168	-0.002752530103
199.0	0.009997942345	-0.004905963403	0.02933612528	0.0	-0.004499480879	0.003155364685	-0.002789288384
200.0	0.01005591888	-0.00493589125	0.02956662408	0.0	-0.004534129711	0.003178043585	-0.002826211835
201.0	0.01011358151	-0.00496588377	0.02979657548	0.0	-0.004568729974	0.003200677967	-0.00286329563
202.0	0.0101709271	-0.004995928642	0.03002595463	0.0	-0.004603244629	0.003223257938	-0.002900535066
203.0	0.01022795305	-0.005026013768	0.03025473785	0.0	-0.004637637464	0.003245773652	-0.002937925564
204.0	0.0102846573	-0.005056127286	0.03048290259	0.0	-0.004671873122	0.00326821533	-0.002975462664
205.0	0.01034103833	-0.005086257591	0.03071042746	0.0	-0.004705917142	0.003290573298	-0.003013142018
206.0	0.01039709512	-0.005116393348	0.03093729221	0.0	-0.004739735982	0.003312838017	-0.003050959387
207.0	0.01045282715	-0.005146523504	0.03116347777	0.0	-0.004773297045	0.003335000102	-0.003088910635
208.0	0.0105082344	-0.005176637303	0.0313889662	0.0	-0.004806568702	0.003357050363	-0.003126991719
209.0	0.01056331732	-0.005206724298	0.03161374073	0.0	-0.004839520306	0.003378979821	-0.003165198684
210.0	0.01061807682	-0.005236774359	0.03183778571	0.0	-0.004872122212	0.003400779736	-0.003203527654
211.0	0.01067251426	-0.005266777685	0.03206108664	0.0	-0.004904345789	0.003422441637	-0.003241974824
212.0	0.01072663145	-0.005296724813	0.03228363014	0.0	-0.004936163427	0.003443957337	-0.00328053645
213.0	0.01078043058	-0.005326606622	0.03250540394	0.0	-0.004967548546	0.003465318959	-0.003319208843
214.0	0.01083391429	-0.005356414344	0.03272639689	0.0	-0.004998475604	0.003486518954	-0.003357988358
215.0	0.01088708557	-0.005386139569	0.03294659889	0.0	-0.005028920099	0.003507550122	-0.003396871388
216.0	0.01093994781	-0.005415774247	0.03316600092	0.0	-0.005058858574	0.003528405628	-0.003435854352
217.0	0.01099250475	-0.005445310695	0.03338459501	0.0	-0.005088268612	0.003549079014	-0.003474933691
218.0	0.01104476045	-0.005474741601	0.03360237421	0.0	-0.005117128843	0.003569564219	-0.003514105858
219.0	0.01109671933	-0.005504060021	0.0338193326	0.0	-0.005145418938	0.003589855586	-0.003553367311
220.0	0.0111483861	-0.005533259387	0.03403546519	0.0	-0.005173119606	0.003609947878	-0.003592714505
221.0	0.01119976577	-0.005562333507	0.03425076801	0.0	-0.005200212591	0.003629836279	-0.003632143891
222.0	0.01125086363	-0.005591276559	0.03446523799	0.0	-0.005226680671	0.00364951641	-0.003671651901
223.0	0.01130168521	-0.005620083099	0.03467887296	0.0	-0.005252507646	0.003668984329	-0.003711234953
224.0	0.01135223631	-0.005648748053	0.03489167165	0.0	-0.005277678339	0.003688236538	-0.003750889438
225.0	0.01140252294	-0.00567726672	0.03510363364	0.0	-0.005302178584	0.003707269983	-0.003790611723
226.0	0.01145255134	-0.005705634766	0.03531475933	0.0	-0.005325995221	0.003726082061	-0.003830398142
227.0	0.01150232793	-0.005733848224	0.03552504993	0.0	-0.005349116091	0.003744670611	-0.003870244998
228.0	0.01155185932	-0.005761903486	0.03573450741	0.0	-0.005371530022	0.00376303392	-0.003910148557
229.0	0.01160115227	-0.005789797305	0.03594313448	0.0	-0.005393226828	0.003781170718	-0.003950105052
230.0	0.01165021371	-0.005817526785	0.03615093455	0.0	-0.005414197293	0.003799080169	-0.003990110678
231.0	0.01169905067	-0.005845089378	0.03635791173	0.0	-0.005434433166	0.003816761872	-0.004030161592
232.0	0.01174767033	-0.00587248288	0.03656407076	0.0	-0.005453927152	0.003834215852	-0.004070253919
233.0	0.01179607995	-0.00589970542	0.03676941702	0.0	-0.005472672896	0.003851442548	-0.004110383749
234.0	0.01184428689	-0.005926755461	0.03697395645	0.0	-0.005490664981	0.003868442812	-0.004150547138
235.0	0.01189229857	-0.005953631787	0.03717769557	0.0	-0.005507898911	0.003885217892	-0.004190740116
236.0	0.01194012247	-0.005980333496	0.03738064144	0.0	-0.005524371101	0.003901769423	-0.004230958684
237.0	0.01198776611	-0.006006859999	0.0375828016	0.0	-0.005540078866	0.003918099419	-0.004271198822
238.0	0.01203523705	-0.006033211003	0.03778418406	0.0	-0.00555502041	0.003934210254	-0.004311456491
239.0	0.01208254284	-0.006059386511	0.03798479728	0.0	-0.00556919481	0.003950104657	-0.00435172764
240.0	0.01212969107	-0.006085386809	0.03818465013	0.0	-0.005582602008	0.00396578569	-0.004392008205
241.0	0.01217668927	-0.006111212459	0.03838375187	0.0	-0.00559524279	0.003981256738	-0.004432294124
242.0	0.01222354498	-0.006136864288	0.03858211211	0.0	-0.005607118779	0.003996521495	-0.004472581333
243.0	0.0122702657	-0.006162343383	0.03877974078	0.0	-0.005618232418	0.004011583945	-0.004512865778
244.0	0.01231685886	-0.006187651079	0.03897664814	0.0	-0.005628586951	0.004026448348	-0.004553143419
245.0	0.01236333185	-0.006212788949	0.0391728447	0.0	-0.005638186413	0.004041119228	-0.004593410235
246.0	0.01240969197	-0.006237758798	0.03936834122	0.0	-0.005647035607	0.004055601349	-0.004633662234
247.0	0.01245594646	-0.00626256265	0.03956314871	0.0	-0.005655140096	0.004069899703	-0.004673895457
248.0	0.01250210243	-0.006287202738	0.03975727835	0.0	-0.005662506173	0.004084019497	-0.004714105984
249.0	0.01254816693	-0.006311681498	0.03995074151	0.0	-0.005669140855	0.004097966127	-0.004754289944
250.0	0.01259414685	-0.006336001555	0.04014354971	0.0	-0.005675051855	0.004111745171	-0.004794443518
251.0	0.01264004901	-0.006360165714	0.04033571461	0.0	-0.005680247566	0.004125362365	-0.004834562946
252.0	0.01268588004	-0.006384176954	0.04052724796	0.0	-0.00568473704	0.004138823591	-0.004874644537
253.0	0.01273164648	-0.006408038412	0.0407181616	0.0	-0.005688529968	0.00415213486	-0.004914684673
254.0	0.0127773547	-0.006431753376	0.04090846746	0.0	-0.005691636655	0.004165302293	-0.004954679812
255.0	0.01282301091	-0.006455325275	0.04109817748	0.0	-0.005694068002	0.004178332106	-0.0049946265
256.0	0.01286862116	-0.006478757671	0.04128730365	0.0	-0.005695835482	0.004191230599	-0.005034521374
257.0	0.01291419135	-0.006502054245	0.04147585796	0.0	-0.005696951112	0.004204004132	-0.005074361167
258.0	0.01295972718	-0.006525218788	0.04166385239	0.0	-0.005697427437	0.004216659115	-0.005114142714
259.0	0.01300523418	-0.006548255195	0.04185129889	0.0	-0.005697277497	0.004229201995	-0.005153862956
260.0	0.0130507177	-0.006571167451	0.04203820936	0.0	-0.005696514808	0.004241639235	-0.005193518949
261.0	0.01309618288	-0.006593959624	0.04222459566	0.0	-0.005695153334	0.004253977306	-0.005233107862
262.0	0.0131416347	-0.006616635855	0.04241046955	0.0	-0.005693207459	0.004266222669	-0.005272626985
263.0	0.01318707791	-0.006639200347	0.04259584271	0.0	-0.005690691965	0.004278381765	-0.005312073733
264.0	0.01323251706	-0.006661657358	0.04278072671	0.0	-0.005687622001	0.004290461	-0.005351445648
265.0	0.01327795651	-0.006684011191	0.042965133	0.0	-0.005684013057	0.004302466733	-0.005390740403
266.0	0.01332340041	-0.006706266185	0.04314907292	0.0	-0.005679880938	0.004314405265	-0.005429955802
267.0	0.0133688527	-0.006728426706	0.04333255764	0.0	-0.005675241734	0.004326282827	-0.005469089787
268.0	0.01341431709	-0.006750497141	0.04351559818	0.0	-0.005670111793	0.004338105568	-0.005508140435
269.0	0.0134597971	-0.006772481885	0.0436982054	0.0	-0.005664507693	0.004349879547	-0.005547105962
270.0	0.01350529603	-0.006794385337	0.04388038998	0.0	-0.005658446213	0.004361610722	-0.005585984726
271.0	0.01355081697	-0.006816211889	0.04406216241	0.0	-0.005651944306	0.004373304939	-0.005624775222
272.0	0.01359636278	-0.00683796592	0.04424353299	0.0	-0.005645019069	0.004384967926	-0.005663476088
273.0	0.01364193613	-0.00685965179	0.0444245118	0.0	-0.005637687715	0.004396605282	-0.005702086102
274.0	0.01368753946	-0.006881273829	0.04460510873	0.0	-0.005629967547	0.004408222473	-0.005740604182
275.0	0.013733175	-0.006902836331	0.04478533344	0.0	-0.005621875928	0.00441982482	-0.005779029385
276.0	0.01377884477	-0.006924343551	0.04496519534	0.0	-0.005613430252	0.004431417494	-0.005817360909
277.0	0.0138245506	-0.006945799692	0.04514470364	0.0	-0.005604647921	0.004443005514	-0.005855598085
278.0	0.01387029408	-0.006967208905	0.04532386728	0.0	-0.005595546311	0.004454593734	-0.005893740382
279.0	0.01391607662	-0.006988575277	0.04550269498	0.0	-0.005586142753	0.004466186844	-0.0059317874
280.0	0.01396189943	-0.00700990283	0.04568119518	0.0	-0.005576454498	0.004477789361	-0.005969738871
281.0	0.0140077635	-0.007031195515	0.04585937609	0.0	-0.0055664987	0.004489405626	-0.006007594653
282.0	0.01405366965	-0.007052457202	0.04603724563	0.0	-0.005556292383	0.004501039804	-0.006045354731
283.0	0.01409961849	-0.007073691682	0.0462148115	0.0	-0.00554585242	0.004512695875	-0.00608301921
284.0	0.01414561045	-0.007094902655	0.04639208108	0.0	-0.005535195508	0.004524377633	-0.006120588314
285.0	0.01419164578	-0.007116093732	0.04656906153	0.0	-0.005524338145	0.004536088687	-0.006158062379
286.0	0.01423772454	-0.007137268426	0.0467457597	0.0	-0.005513296603	0.004547832455	-0.006195441855
287.0	0.01428384662	-0.007158430153	0.04692218219	0.0	-0.005502086913	0.004559612165	-0.006232727295
288.0	0.01433001174	-0.007179582222	0.0470983353	0.0	-0.005490724837	0.00457143085	-0.006269919356
289.0	0.01437621946	-0.007200727838	0.04727422509	0.0	-0.00547922585	0.004583291355	-0.006307018793
290.0	0.01442246917	-0.007221870094	0.04744985732	0.0	-0.00546760512	0.004595196328	-0.006344026451
291.0	0.01446876012	-0.007243011971	0.04762523747	0.0	-0.00545587749	0.004607148227	-0.006380943266
292.0	0.01451509138	-0.007264156335	0.04780037075	0.0	-0.005444057456	0.004619149316	-0.006417770257
293.0	0.01456146192	-0.007285305933	0.0479752621	0.0	-0.005432159157	0.004631201668	-0.006454508521
294.0	0.01460787052	-0.007306463396	0.04814991619	0.0	-0.00542019635	0.004643307165	-0.006491159228
295.0	0.01465431588	-0.007327631229	0.0483243374	0.0	-0.005408182403	0.004655467503	-0.006527723619
296.0	0.01470079653	-0.007348811817	0.04849852985	0.0	-0.005396130273	0.004667684187	-0.006564202996
297.0	0.01474731091	-0.007370007422	0.04867249738	0.0	-0.0053840525	0.00467995854	-0.00660059872
298.0	0.01479385731	-0.007391220178	0.04884624359	0.0	-0.00537196119	0.004692291702	-0.006636912206
299.0	0.01484043396	-0.007412452095	0.0490197718	0.0	-0.005359868005	0.004704684632	-0.006673144916
300.0	0.01488703893	-0.007433705058	0.04919308506	0.0	-0.005347784152	0.004717138115	-0.006709298358
301.0	0.01493367025	-0.007454980824	0.04936618619	0.0	-0.005335720376	0.004729652758	-0.006745374074
302.0	0.01498032582	-0.007476281025	0.04953907773	0.0	-0.005323686951	0.004742229002	-0.006781373644
303.0	0.01502700347	-0.007497607164	0.04971176199	0.0	-0.00531169367	0.004754867119	-0.006817298673
304.0	0.01507370094	-0.007518960623	0.04988424104	0.0	-0.005299749842	0.004767567218	-0.006853150789
305.0	0.01512041592	-0.007540342655	0.05005651669	0.0	-0.005287864289	0.004780329251	-0.006888931643
306.0	0.01516714602	-0.007561754391	0.05022859055	0.0	-0.005276045336	0.004793153013	-0.006924642895
307.0	0.01521388879	-0.007583196838	0.05040046397	0.0	-0.005264300813	0.004806038151	-0.006960286218
308.0	0.01526064173	-0.007604670883	0.0505721381	0.0	-0.005252638048	0.004818984166	-0.006995863289
309.0	0.01530740228	-0.007626177291	0.05074361385	0.0	-0.005241063875	0.004831990415	-0.007031375786
310.0	0.01535416787	-0.007647716708	0.05091489195	0.0	-0.005229584622	0.004845056121	-0.007066825385
311.0	0.01540093586	-0.007669289665	0.0510859729	0.0	-0.005218206121	0.004858180377	-0.007102213752
312.0	0.01544770359	-0.007690896578	0.05125685701	0.0	-0.005206933708	0.004871362146	-0.007137542544
313.0	0.01549446839	-0.007712537749	0.05142754441	0.0	-0.005195772222	0.004884600271	-0.007172813403
314.0	0.01554122755	-0.007734213371	0.05159803502	0.0	-0.005184726013	0.00489789348	-0.007208027953
315.0	0.01558797836	-0.007755923529	0.0517683286	0.0	-0.005173798943	0.004911240388	-0.007243187794
316.0	0.0156347181	-0.007777668201	0.05193842475	0.0	-0.005162994395	0.004924639505	-0.007278294504
317.0	0.01568144404	-0.007799447266	0.05210832287	0.0	-0.005152315277	0.004938089241	-0.007313349631
318.0	0.01572815347	-0.0078212605	0.05227802225	0.0	-0.005141764028	0.004951587909	-0.007348354692
319.0	0.01577484367	-0.007843107583	0.05244752198	0.0	-0.005131342627	0.004965133735	-0.007383311172
320.0	0.01582151193	-0.007864988101	0.05261682105	0.0	-0.005121052603	0.004978724858	-0.007418220517
321.0	0.01586815558	-0.007886901552	0.0527859183	0.0	-0.005110895041	0.00499235934	-0.007453084138
322.0	0.01591477196	-0.007908847342	0.05295481243	0.0	-0.005100870594	0.005006035168	-0.007487903403
323.0	0.01596135841	-0.007930824797	0.05312350204	0.0	-0.005090979492	0.005019750261	-0.007522679638
324.0	0.01600791235	-0.00795283316	0.0532919856	0.0	-0.005081221554	0.005033502476	-0.007557414123
325.0	0.01605443119	-0.007974871598	0.0534602615	0.0	-0.005071596198	0.005047289613	-0.007592108094
326.0	0.0161009124	-0.007996939202	0.05362832801	0.0	-0.005062102455	0.005061109417	-0.007626762737
327.0	0.01614735349	-0.008019034996	0.05379618331	0.0	-0.005052738981	0.00507495959	-0.007661379191
328.0	0.01619375202	-0.008041157934	0.05396382551	0.0	-0.005043504068	0.005088837788	-0.007695958543
329.0	0.01624010559	-0.008063306909	0.05413125263	0.0	-0.005034395661	0.005102741636	-0.007730501831
330.0	0.01628641185	-0.008085480753	0.05429846265	0.0	-0.005025411366	0.005116668721	-0.007765010037
331.0	0.01633266852	-0.008107678245	0.05446545345	0.0	-0.005016548471	0.00513061661	-0.007799484094
332.0	0.01637887337	-0.008129898108	0.05463222289	0.0	-0.005007803955	0.005144582844	-0.00783392488
333.0	0.01642502421	-0.008152139019	0.05479876876	0.0	-0.004999174505	0.00515856495	-0.007868333219
334.0	0.01647111896	-0.00817439961	0.05496508882	0.0	-0.00499065653	0.005172560441	-0.00790270988
335.0	0.01651715557	-0.00819667847	0.05513118081	0.0	-0.004982246175	0.005186566825	-0.007937055581
336.0	0.01656313207	-0.008218974154	0.05529704241	0.0	-0.004973939339	0.005200581608	-0.007971370982
337.0	0.01660904655	-0.008241285178	0.05546267132	0.0	-0.004965731686	0.005214602295	-0.008005656691
338.0	0.01665489718	-0.008263610033	0.05562806519	0.0	-0.004957618665	0.0052286264	-0.008039913261
339.0	0.01670068222	-0.008285947179	0.05579322169	0.0	-0.004949595522	0.005242651446	-0.008074141192
340.0	0.01674639997	-0.008308295055	0.05595813848	0.0	-0.004941657315	0.005256674973	-0.008108340931
341.0	0.01679204883	-0.008330652079	0.05612281321	0.0	-0.004933798931	0.005270694538	-0.008142512872
342.0	0.01683762728	-0.008353016654	0.05628724356	0.0	-0.004926015103	0.005284707722	-0.008176657357
343.0	0.01688313386	-0.008375387167	0.05645142722	0.0	-0.004918300418	0.00529871213	-0.008210774676
344.0	0.0169285672	-0.008397761999	0.05661536191	0.0	-0.004910649342	0.005312705402	-0.00824486507
345.0	0.01697392602	-0.008420139522	0.05677904535	0.0	-0.004903056225	0.005326685206	-0.008278928729
346.0	0.0170192091	-0.008442518105	0.05694247531	0.0	-0.004895515324	0.005340649253	-0.008312965794
347.0	0.0170644153	-0.008464896118	0.0571056496	0.0	-0.004888020811	0.005354595291	-0.008346976361
348.0	0.01710954359	-0.008487271931	0.05726856607	0.0	-0.004880566792	0.005368521111	-0.008380960476
349.0	0.01715459299	-0.008509643922	0.0574312226	0.0	-0.004873147318	0.005382424553	-0.008414918142
350.0	0.01719956261	-0.008532010477	0.05759361714	0.0	-0.004865756399	0.005396303505	-0.008448849316
351.0	0.01724445164	-0.008554369993	0.05775574766	0.0	-0.004858388021	0.005410155908	-0.008482753913
352.0	0.01728925936	-0.008576720882	0.05791761223	0.0	-0.004851036152	0.005423979757	-0.008516631806
353.0	0.0173339851	-0.00859906157	0.05807920895	0.0	-0.004843694763	0.005437773103	-0.008550482827
354.0	0.01737862831	-0.008621390504	0.05824053599	0.0	-0.004836357834	0.00545153406	-0.00858430677
355.0	0.01742318849	-0.008643706153	0.05840159159	0.0	-0.004829019369	0.005465260799	-0.008618103388
356.0	0.01746766521	-0.008666007008	0.05856237406	0.0	-0.004821673409	0.005478951557	-0.008651872402
357.0	0.01751205813	-0.008688291587	0.05872288178	0.0	-0.00481431404	0.005492604636	-0.008685613495
358.0	0.01755636699	-0.008710558435	0.05888311319	0.0	-0.004806935405	0.005506218406	-0.008719326318
359.0	0.01760059159	-0.008732806129	0.05904306684	0.0	-0.004799531716	0.005519791303	-0.008753010487
360.0	0.01764473181	-0.008755033275	0.05920274133	0.0	-0.004792097262	0.005533321834	-0.00878666559
361.0	0.01768878758	-0.008777238515	0.05936213534	0.0	-0.00478462642	0.005546808578	-0.008820291184
362.0	0.01773275893	-0.008799420525	0.05952124766	0.0	-0.004777113664	0.005560250184	-0.008853886801
363.0	0.01777664594	-0.008821578019	0.05968007713	0.0	-0.004769553574	0.005573645378	-0.008887451942
364.0	0.01782044875	-0.008843709748	0.05983862268	0.0	-0.004761940841	0.005586992956	-0.008920986086
365.0	0.01786416757	-0.008865814504	0.05999688335	0.0	-0.004754270282	0.005600291789	-0.008954488687
366.0	0.01790780267	-0.008887891119	0.06015485825	0.0	-0.004746536838	0.005613540826	-0.008987959179
367.0	0.01795135439	-0.008909938467	0.06031254655	0.0	-0.004738735589	0.005626739089	-0.009021396973
368.0	0.0179948231	-0.008931955466	0.06046994756	0.0	-0.004730861757	0.005639885676	-0.009054801461
369.0	0.01803820925	-0.008953941078	0.06062706064	0.0	-0.00472291071	0.005652979762	-0.009088172017
370.0	0.01808151333	-0.008975894308	0.06078388523	0.0	-0.004714877973	0.005666020595	-0.009121508
371.0	0.0181247359	-0.008997814209	0.0609404209	0.0	-0.004706759226	0.005679007502	-0.009154808752
372.0	0.01816787754	-0.009019699879	0.06109666726	0.0	-0.004698550315	0.005691939882	-0.009188073601
373.0	0.0182109389	-0.009041550463	0.06125262403	0.0	-0.004690247254	0.005704817213	-0.009221301864
374.0	0.01825392066	-0.009063365153	0.06140829101	0.0	-0.004681846225	0.005717639043	-0.009254492845
375.0	0.01829682354	-0.00908514319	0.06156366809	0.0	-0.004673343589	0.005730404997	-0.00928764584
376.0	0.01833964832	-0.009106883859	0.06171875523	0.0	-0.00466473588	0.00574311477	-0.009320760134
377.0	0.0183823958	-0.009128586496	0.06187355249	0.0	-0.004656019815	0.005755768132	-0.009353835007
378.0	0.01842506682	-0.009150250485	0.06202806	0.0	-0.004647192292	0.005768364921	-0.00938686973
379.0	0.01846766224	-0.009171875256	0.06218227796	0.0	-0.004638250391	0.005780905047	-0.009419863571
380.0	0.01851018297	-0.009193460287	0.06233620668	0.0	-0.004629191379	0.005793388489	-0.009452815795
381.0	0.01855262993	-0.009215005106	0.06248984652	0.0	-0.004620012708	0.00580581529	-0.009485725661
382.0	0.01859500409	-0.009236509285	0.06264319792	0.0	-0.004610712013	0.005818185564	-0.009518592429
383.0	0.01863730641	-0.009257972444	0.06279626139	0.0	-0.00460128712	0.005830499485	-0.009551415358
384.0	0.0186795379	-0.00927939425	0.06294903753	0.0	-0.004591736036	0.005842757292	-0.009584193707
385.0	0.01872169957	-0.009300774415	0.06310152699	0.0	-0.004582056957	0.005854959285	-0.009616926738
386.0	0.01876379245	-0.009322112697	0.0632537305	0.0	-0.004572248262	0.005867105824	-0.009649613714
387.0	0.0188058176	-0.009343408898	0.06340564883	0.0	-0.004562308511	0.005879197325	-0.009682253904
388.0	0.01884777606	-0.009364662864	0.06355728285	0.0	-0.004552236449	0.005891234261	-0.009714846578
389.0	0.01888966891	-0.009385874484	0.06370863347	0.0	-0.004542030997	0.005903217159	-0.009747391015
390.0	0.01893149722	-0.009407043689	0.06385970166	0.0	-0.004531691255	0.005915146597	-0.009779886499
391.0	0.01897326207	-0.009428170451	0.06401048843	0.0	-0.004521216499	0.005927023203	-0.009812332323
392.0	0.01901496455	-0.009449254784	0.06416099489	0.0	-0.004510606175	0.005938847654	-0.009844727786
393.0	0.01905660574	-0.009470296739	0.06431122214	0.0	-0.004499859901	0.00595062067	-0.009877072197
394.0	0.01909818672	-0.009491296407	0.06446117138	0.0	-0.004488977457	0.005962343016	-0.009909364877
395.0	0.01913970858	-0.009512253915	0.06461084382	0.0	-0.004477958791	0.005974015498	-0.009941605154
396.0	0.0191811724	-0.009533169426	0.06476024074	0.0	-0.004466804007	0.005985638959	-0.009973792372
397.0	0.01922257924	-0.009554043138	0.06490936344	0.0	-0.004455513364	0.005997214282	-0.01000592588
398.0	0.01926393018	-0.009574875284	0.06505821327	0.0	-0.004444087273	0.006008742381	-0.01003800506
399.0	0.01930522625	-0.009595666126	0.0652067916	0.0	-0.004432526294	0.006020224204	-0.01007002927
400.0	0.01934646851	-0.009616415959	0.06535509986	0.0	-0.004420831129	0.006031660727	-0.01010199792
401.0	0.01938765798	-0.009637125109	0.06550313948	0.0	-0.004409002616	0.006043052953	-0.01013391042
402.0	0.01942879569	-0.009657793929	0.06565091194	0.0	-0.004397041731	0.006054401912	-0.01016576619
403.0	0.01946988262	-0.009678422797	0.06579841873	0.0	-0.004384949576	0.006065708654	-0.01019756467
404.0	0.01951091976	-0.009699012121	0.06594566138	0.0	-0.004372727379	0.006076974252	-0.01022930532
405.0	0.01955190808	-0.009719562329	0.0660926414	0.0	-0.004360376487	0.006088199794	-0.01026098763
406.0	0.01959284852	-0.009740073874	0.06623936037	0.0	-0.004347898363	0.006099386385	-0.01029261107
407.0	0.019633742	-0.009760547232	0.06638581985	0.0	-0.004335294577	0.006110535143	-0.01032417517
408.0	0.01967458942	-0.009780982896	0.06653202141	0.0	-0.004322566805	0.006121647197	-0.01035567945
409.0	0.01971539166	-0.009801381379	0.06667796666	0.0	-0.004309716822	0.006132723685	-0.01038712347
410.0	0.01975614958	-0.009821743211	0.06682365718	0.0	-0.004296746496	0.00614376575	-0.01041850678
411.0	0.019796864	-0.009842068939	0.06696909458	0.0	-0.004283657784	0.006154774543	-0.01044982899
412.0	0.01983753574	-0.009862359124	0.06711428046	0.0	-0.004270452728	0.006165751212	-0.01048108968
413.0	0.01987816555	-0.009882614338	0.06725921643	0.0	-0.004257133446	0.00617669691	-0.01051228851
414.0	0.01991875421	-0.009902835168	0.06740390408	0.0	-0.00424370213	0.006187612785	-0.01054342511
415.0	0.01995930243	-0.00992302221	0.06754834503	0.0	-0.004230161039	0.006198499982	-0.01057449915
416.0	0.0199998109	-0.009943176067	0.06769254085	0.0	-0.004216512494	0.00620935964	-0.01060551032
417.0	0.02004028029	-0.009963297353	0.06783649313	0.0	-0.004202758875	0.00622019289	-0.01063645834
418.0	0.02008071124	-0.009983386687	0.06798020345	0.0	-0.00418890261	0.006231000854	-0.01066734294
419.0	0.02012110435	-0.01000344469	0.06812367336	0.0	-0.004174946178	0.006241784643	-0.01069816387
420.0	0.0201614602	-0.010023472	0.06826690442	0.0	-0.004160892098	0.006252545352	-0.0107289209
421.0	0.02020177934	-0.01004346923	0.06840989816	0.0	-0.004146742923	0.006263284065	-0.01075961384
422.0	0.02024206229	-0.01006343703	0.06855265608	0.0	-0.004132501241	0.006274001846	-0.01079024249
423.0	0.02028230954	-0.01008337601	0.06869517968	0.0	-0.004118169665	0.006284699743	-0.01082080671
424.0	0.02032252153	-0.01010328682	0.06883747044	0.0	-0.00410375083	0.006295378785	-0.01085130635
425.0	0.0203626987	-0.01012317009	0.06897952982	0.0	-0.004089247388	0.006306039978	-0.01088174128
426.0	0.02040284145	-0.01014302643	0.06912135923	0.0	-0.004074662003	0.006316684308	-0.01091211143
427.0	0.02044295013	-0.01016285647	0.06926296008	0.0	-0.004059997349	0.006327312737	-0.0109424167
428.0	0.02048302509	-0.01018266083	0.06940433376	0.0	-0.004045256099	0.006337926201	-0.01097265704
429.0	0.02052306663	-0.01020244011	0.06954548161	0.0	-0.004030440928	0.006348525611	-0.01100283242
430.0	0.02056307503	-0.01022219492	0.06968640496	0.0	-0.004015554507	0.006359111853	-0.01103294282
431.0	0.02060305053	-0.01024192585	0.0698271051	0.0	-0.004000599493	0.006369685782	-0.01106298824
432.0	0.02064299336	-0.01026163349	0.0699675833	0.0	-0.003985578535	0.006380248227	-0.01109296872
433.0	0.02068290371	-0.0102813184	0.07010784078	0.0	-0.00397049426	0.006390799987	-0.01112288429
434.0	0.02072278174	-0.01030098117	0.07024787875	0.0	-0.003955349277	0.006401341828	-0.01115273503
435.0	0.02076262759	-0.01032062234	0.07038769838	0.0	-0.003940146169	0.00641187449	-0.011182521
436.0	0.02080244135	-0.01034024244	0.07052730081	0.0	-0.003924887491	0.006422398678	-0.01121224231
437.0	0.02084222313	-0.01035984202	0.07066668714	0.0	-0.003909575767	0.006432915065	-0.01124189909
438.0	0.02088197297	-0.01037942158	0.07080585844	0.0	-0.003894213485	0.006443424294	-0.01127149146
439.0	0.0209216909	-0.01039898163	0.07094481574	0.0	-0.003878803097	0.006453926972	-0.01130101958
440.0	0.02096137694	-0.01041852264	0.07108356005	0.0	-0.003863347013	0.006464423676	-0.01133048362
441.0	0.02100103106	-0.01043804511	0.07122209233	0.0	-0.0038478476	0.006474914946	-0.01135988376
442.0	0.02104065324	-0.01045754947	0.0713604135	0.0	-0.003832307178	0.006485401292	-0.01138922022
443.0	0.02108024339	-0.01047703616	0.07149852448	0.0	-0.00381672802	0.006495883189	-0.01141849319
444.0	0.02111980145	-0.01049650562	0.07163642611	0.0	-0.003801112346	0.006506361076	-0.01144770292
445.0	0.02115932731	-0.01051595825	0.07177411923	0.0	-0.003785462324	0.006516835363	-0.01147684965
446.0	0.02119882085	-0.01053539444	0.07191160462	0.0	-0.003769780067	0.006527306421	-0.01150593364
447.0	0.02123828191	-0.01055481455	0.07204888305	0.0	-0.00375406763	0.006537774592	-0.01153495516
448.0	0.02127771036	-0.01057421895	0.07218595523	0.0	-0.00373832701	0.006548240182	-0.0115639145
449.0	0.02131710599	-0.01059360797	0.07232282184	0.0	-0.003722560144	0.006558703465	-0.01159281195
450.0	0.02135646863	-0.01061298193	0.07245948356	0.0	-0.003706768904	0.006569164683	-0.01162164782
451.0	0.02139579805	-0.01063234114	0.07259594098	0.0	-0.003690955103	0.006579624044	-0.01165042243
452.0	0.02143509404	-0.01065168586	0.07273219471	0.0	-0.003675120486	0.006590081726	-0.0116791361
453.0	0.02147435636	-0.01067101638	0.07286824529	0.0	-0.003659266735	0.006600537873	-0.01170778918
454.0	0.02151358475	-0.01069033294	0.07300409325	0.0	-0.003643395464	0.006610992602	-0.01173638201
455.0	0.02155277895	-0.01070963576	0.07313973908	0.0	-0.003627508222	0.006621445996	-0.01176491494
456.0	0.02159193869	-0.01072892505	0.07327518323	0.0	-0.003611606488	0.00663189811	-0.01179338833
457.0	0.02163106368	-0.01074820102	0.07341042615	0.0	-0.003595691674	0.00664234897	-0.01182180256
458.0	0.02167015362	-0.01076746383	0.07354546822	0.0	-0.003579765125	0.006652798572	-0.01185015799
459.0	0.02170920821	-0.01078671364	0.07368030983	0.0	-0.003563828113	0.006663246888	-0.01187845501
460.0	0.02174822714	-0.0108059506	0.07381495131	0.0	-0.003547881847	0.006673693859	-0.01190669401
461.0	0.0217872101	-0.01082517481	0.07394939298	0.0	-0.003531927462	0.006684139402	-0.01193487537
462.0	0.02182615675	-0.0108443864	0.07408363513	0.0	-0.003515966028	0.006694583408	-0.01196299948
463.0	0.02186506676	-0.01086358545	0.07421767803	0.0	-0.003499998546	0.006705025746	-0.01199106675
464.0	0.02190393982	-0.01088277203	0.07435152192	0.0	-0.003484025947	0.006715466258	-0.01201907757
465.0	0.02194277557	-0.01090194619	0.07448516701	0.0	-0.003468049098	0.006725904765	-0.01204703234
466.0	0.02198157367	-0.01092110799	0.0746186135	0.0	-0.003452068796	0.006736341067	-0.01207493147
467.0	0.02202033379	-0.01094025743	0.07475186156	0.0	-0.003436085774	0.006746774942	-0.01210277535
468.0	0.02205905558	-0.01095939455	0.07488491134	0.0	-0.003420100701	0.006757206149	-0.0121305644
469.0	0.0220977387	-0.01097851931	0.07501776298	0.0	-0.003404114177	0.006767634427	-0.012158299
470.0	0.0221363828	-0.01099763172	0.07515041658	0.0	-0.003388126744	0.006778059498	-0.01218597958
471.0	0.02217498755	-0.01101673174	0.07528287225	0.0	-0.003372138878	0.006788481068	-0.01221360652
472.0	0.02221355259	-0.01103581931	0.07541513006	0.0	-0.003356150997	0.006798898826	-0.01224118022
473.0	0.0222520776	-0.01105489439	0.07554719008	0.0	-0.003340163456	0.006809312446	-0.01226870108
474.0	0.02229056224	-0.01107395689	0.07567905234	0.0	-0.003324176554	0.006819721589	-0.01229616949
475.0	0.02232900617	-0.01109300674	0.0758107169	0.0	-0.003308190532	0.006830125903	-0.01232358585
476.0	0.02236740907	-0.01111204384	0.07594218376	0.0	-0.003292205575	0.006840525022	-0.01235095053
477.0	0.02240577061	-0.01113106808	0.07607345294	0.0	-0.003276221816	0.006850918574	-0.01237826392
478.0	0.02244409048	-0.01115007935	0.07620452444	0.0	-0.003260239332	0.006861306172	-0.0124055264
479.0	0.02248236837	-0.01116907752	0.07633539825	0.0	-0.003244258153	0.006871687423	-0.01243273833
480.0	0.02252060398	-0.01118806245	0.07646607434	0.0	-0.003228278257	0.006882061925	-0.01245990008
481.0	0.02255879699	-0.011207034	0.0765965527	0.0	-0.003212299575	0.006892429272	-0.01248701201
482.0	0.02259694714	-0.01122599201	0.07672683329	0.0	-0.003196321994	0.006902789047	-0.01251407448
483.0	0.02263505412	-0.01124493633	0.07685691606	0.0	-0.003180345357	0.006913140833	-0.01254108782
484.0	0.02267311767	-0.01126386677	0.07698680099	0.0	-0.003164369462	0.006923484207	-0.01256805238
485.0	0.02271113752	-0.01128278318	0.07711648801	0.0	-0.00314839407	0.006933818742	-0.0125949685
486.0	0.02274911341	-0.01130168535	0.07724597707	0.0	-0.003132418903	0.00694414401	-0.01262183649
487.0	0.0227870451	-0.01132057312	0.07737526813	0.0	-0.003116443646	0.006954459582	-0.01264865667
488.0	0.02282493235	-0.01133944627	0.07750436113	0.0	-0.00310046795	0.006964765028	-0.01267542935
489.0	0.02286277493	-0.01135830462	0.07763325602	0.0	-0.003084491435	0.00697505992	-0.01270215483
490.0	0.02290057262	-0.01137714796	0.07776195274	0.0	-0.003068513687	0.006985343828	-0.0127288334
491.0	0.02293832522	-0.01139597609	0.07789045124	0.0	-0.003052534267	0.006995616328	-0.01275546534
492.0	0.02297603253	-0.01141478879	0.07801875147	0.0	-0.003036552707	0.007005876997	-0.01278205093
493.0	0.02301369435	-0.01143358586	0.07814685338	0.0	-0.003020568517	0.007016125415	-0.01280859043
494.0	0.02305131053	-0.01145236707	0.07827475693	0.0	-0.003004581181	0.007026361169	-0.0128350841
495.0	0.02308888088	-0.01147113222	0.07840246208	0.0	-0.002988590165	0.007036583848	-0.01286153218
496.0	0.02312640527	-0.01148988109	0.0785299688	0.0	-0.002972594914	0.007046793049	-0.01288793491
497.0	0.02316388354	-0.01150861345	0.07865727705	0.0	-0.002956594857	0.007056988376	-0.01291429252
498.0	0.02320131557	-0.01152732909	0.07878438682	0.0	-0.00294058941	0.007067169438	-0.01294060521
499.0	0.02323870123	-0.0115460278	0.07891129809	0.0	-0.002924577971	0.007077335853	-0.01296687321
500.0	0.02327604043	-0.01156470934	0.07903801085	0.0	-0.002908559931	0.007087487247	-0.01299309671
501.0	0.02331333306	-0.01158337351	0.07916452511	0.0	-0.00289253467	0.007097623256	-0.01301927589
502.0	0.02335057904	-0.0116020201	0.07929084086	0.0	-0.00287650156	0.007107743524	-0.01304541094
503.0	0.02338777829	-0.01162064887	0.07941695814	0.0	-0.002860459966	0.007117847705	-0.01307150202
504.0	0.02342493075	-0.01163925964	0.07954287697	0.0	-0.00284440925	0.007127935464	-0.0130975493
505.0	0.02346203637	-0.01165785217	0.07966859738	0.0	-0.002828348771	0.007138006478	-0.01312355292
506.0	0.02349909511	-0.01167642628	0.07979411943	0.0	-0.002812277888	0.007148060431	-0.01314951302
507.0	0.02353610694	-0.01169498175	0.07991944317	0.0	-0.002796195958	0.007158097023	-0.01317542974
508.0	0.02357307184	-0.01171351838	0.08004456867	0.0	-0.002780102342	0.007168115964	-0.01320130319
509.0	0.0236099898	-0.01173203599	0.08016949601	0.0	-0.002763996404	0.007178116977	-0.01322713349
510.0	0.02364686082	-0.01175053437	0.0802942253	0.0	-0.002747877513	0.007188099795	-0.01325292074
511.0	0.02368368493	-0.01176901334	0.08041875663	0.0	-0.002731745044	0.007198064167	-0.01327866504
512.0	0.02372046213	-0.01178747272	0.08054309012	0.0	-0.002715598381	0.007208009853	-0.01330436646
513.0	0.02375719246	-0.01180591233	0.08066722589	0.0	-0.002699436916	0.007217936626	-0.0133300251
514.0	0.02379387596	-0.01182433199	0.0807911641	0.0	-0.002683260051	0.007227844275	-0.01335564101
515.0	0.02383051269	-0.01184273154	0.0809149049	0.0	-0.002667067201	0.007237732598	-0.01338121425
516.0	0.02386710271	-0.01186111082	0.08103844845	0.0	-0.002650857792	0.007247601411	-0.01340674489
517.0	0.02390364607	-0.01187946967	0.08116179493	0.0	-0.002634631264	0.007257450541	-0.01343223296
518.0	0.02394014287	-0.01189780794	0.08128494454	0.0	-0.002618387072	0.007267279828	-0.01345767849
519.0	0.02397659319	-0.01191612549	0.08140789749	0.0	-0.002602124687	0.007277089128	-0.01348308152
520.0	0.02401299712	-0.01193442217	0.08153065398	0.0	-0.002585843596	0.00728687831	-0.01350844208
521.0	0.02404935476	-0.01195269786	0.08165321426	0.0	-0.002569543305	0.007296647256	-0.01353376016
522.0	0.02408566623	-0.01197095244	0.08177557857	0.0	-0.002553223335	0.007306395862	-0.01355903579
523.0	0.02412193163	-0.01198918577	0.08189774717	0.0	-0.002536883229	0.007316124037	-0.01358426896
524.0	0.0241581511	-0.01200739776	0.08201972032	0.0	-0.002520522549	0.007325831705	-0.01360945967
525.0	0.02419432477	-0.0120255883	0.08214149831	0.0	-0.002504140877	0.007335518802	-0.01363460791
526.0	0.02423045276	-0.01204375728	0.08226308144	0.0	-0.002487737815	0.007345185278	-0.01365971366
527.0	0.02426653522	-0.01206190461	0.08238447001	0.0	-0.002471312987	0.007354831094	-0.0136847769
528.0	0.0243025723	-0.01208003022	0.08250566433	0.0	-0.00245486604	0.007364456227	-0.0137097976
529.0	0.02433856415	-0.01209813402	0.08262666475	0.0	-0.002438396643	0.007374060665	-0.01373477574
530.0	0.02437451093	-0.01211621595	0.08274747161	0.0	-0.002421904485	0.007383644409	-0.01375971126
531.0	0.02441041279	-0.01213427593	0.08286808525	0.0	-0.002405389282	0.00739320747	-0.01378460414
532.0	0.02444626992	-0.01215231391	0.08298850605	0.0	-0.002388850769	0.007402749874	-0.01380945433
533.0	0.02448208247	-0.01217032984	0.08310873438	0.0	-0.002372288708	0.007412271658	-0.01383426178
534.0	0.02451785061	-0.01218832368	0.08322877062	0.0	-0.002355702882	0.007421772868	-0.01385902644
535.0	0.02455357454	-0.01220629538	0.08334861518	0.0	-0.002339093099	0.007431253565	-0.01388374824
536.0	0.02458925442	-0.01222424493	0.08346826847	0.0	-0.00232245919	0.007440713817	-0.01390842714
537.0	0.02462489043	-0.01224217228	0.08358773089	0.0	-0.00230580101	0.007450153705	-0.01393306307
538.0	0.02466048277	-0.01226007743	0.08370700288	0.0	-0.002289118436	0.007459573319	-0.01395765597
539.0	0.02469603162	-0.01227796036	0.08382608487	0.0	-0.002272411372	0.007468972759	-0.01398220577
540.0	0.02473153716	-0.01229582108	0.08394497731	0.0	-0.002255679742	0.007478352134	-0.01400671241
541.0	0.02476699959	-0.01231365957	0.08406368064	0.0	-0.002238923495	0.007487711563	-0.01403117581
542.0	0.0248024191	-0.01233147584	0.08418219533	0.0	-0.002222142602	0.007497051173	-0.01405559591
543.0	0.02483779587	-0.01234926992	0.08430052185	0.0	-0.002205337057	0.0075063711	-0.01407997263
544.0	0.0248731301	-0.01236704181	0.08441866067	0.0	-0.002188506878	0.007515671486	-0.0141043059
545.0	0.02490842197	-0.01238479154	0.08453661227	0.0	-0.002171652102	0.007524952483	-0.01412859566
546.0	0.02494367169	-0.01240251914	0.08465437714	0.0	-0.00215477279	0.007534214248	-0.01415284182
547.0	0.02497887944	-0.01242022465	0.08477195577	0.0	-0.002137869024	0.007543456946	-0.01417704431
548.0	0.02501404541	-0.0124379081	0.08488934867	0.0	-0.002120940907	0.007552680748	-0.01420120307
549.0	0.0250491698	-0.01245556953	0.08500655634	0.0	-0.002103988562	0.00756188583	-0.01422531801
550.0	0.02508425278	-0.01247320901	0.08512357929	0.0	-0.002087012131	0.007571072375	-0.01424938908
551.0	0.02511929454	-0.01249082657	0.08524041803	0.0	-0.002070011779	0.00758024057	-0.01427341619
552.0	0.02515429528	-0.01250842228	0.08535707309	0.0	-0.002052987685	0.007589390607	-0.01429739928
553.0	0.02518925517	-0.0125259962	0.08547354498	0.0	-0.002035940051	0.007598522683	-0.01432133828
554.0	0.0252241744	-0.0125435484	0.08558983423	0.0	-0.002018869093	0.007607636996	-0.01434523312
555.0	0.02525905314	-0.01256107894	0.08570594136	0.0	-0.002001775048	0.007616733752	-0.01436908374
556.0	0.02529389157	-0.0125785879	0.08582186691	0.0	-0.001984658165	0.007625813155	-0.01439289008
557.0	0.02532868987	-0.01259607536	0.08593761142	0.0	-0.001967518714	0.007634875416	-0.01441665208
558.0	0.0253634482	-0.0126135414	0.0860531754	0.0	-0.001950356976	0.007643920745	-0.01444036968
559.0	0.02539816674	-0.01263098609	0.08616855941	0.0	-0.001933173249	0.007652949356	-0.01446404282
560.0	0.02543284564	-0.01264840953	0.08628376397	0.0	-0.001915967845	0.007661961463	-0.01448767145
561.0	0.02546748508	-0.0126658118	0.08639878962	0.0	-0.001898741087	0.007670957283	-0.01451125552
562.0	0.0255020852	-0.01268319299	0.0865136369	0.0	-0.001881493314	0.007679937031	-0.01453479498
563.0	0.02553664616	-0.0127005532	0.08662830635	0.0	-0.001864224874	0.007688900924	-0.0145582898
564.0	0.02557116812	-0.01271789252	0.0867427985	0.0	-0.001846936128	0.00769784918	-0.01458173993
565.0	0.02560565122	-0.01273521105	0.08685711389	0.0	-0.001829627446	0.007706782014	-0.01460514533
566.0	0.02564009561	-0.01275250888	0.08697125305	0.0	-0.00181229921	0.007715699642	-0.01462850597
567.0	0.02567450141	-0.01276978612	0.08708521652	0.0	-0.001794951808	0.007724602279	-0.01465182182
568.0	0.02570886878	-0.01278704286	0.08719900482	0.0	-0.001777585639	0.007733490139	-0.01467509285
569.0	0.02574319784	-0.01280427921	0.08731261849	0.0	-0.001760201109	0.007742363433	-0.01469831905
570.0	0.02577748871	-0.01282149528	0.08742605805	0.0	-0.001742798629	0.00775122237	-0.01472150039
571.0	0.02581174153	-0.01283869115	0.08753932402	0.0	-0.001725378619	0.007760067159	-0.01474463686
572.0	0.0258459564	-0.01285586695	0.08765241693	0.0	-0.001707941503	0.007768898004	-0.01476772844
573.0	0.02588013345	-0.01287302277	0.08776533729	0.0	-0.001690487711	0.007777715107	-0.01479077514
574.0	0.02591427278	-0.01289015871	0.08787808562	0.0	-0.001673017675	0.007786518668	-0.01481377695
575.0	0.0259483745	-0.01290727488	0.08799066243	0.0	-0.001655531832	0.007795308882	-0.01483673388
576.0	0.02598243872	-0.01292437139	0.08810306823	0.0	-0.001638030623	0.007804085942	-0.01485964592
577.0	0.02601646552	-0.01294144833	0.08821530351	0.0	-0.001620514489	0.007812850037	-0.01488251309
578.0	0.026050455	-0.01295850582	0.08832736877	0.0	-0.001602983873	0.007821601349	-0.01490533541
579.0	0.02608440725	-0.01297554395	0.08843926452	0.0	-0.00158543922	0.007830340061	-0.0149281129
580.0	0.02611832235	-0.01299256282	0.08855099123	0.0	-0.001567880973	0.007839066349	-0.01495084557
581.0	0.02615220039	-0.01300956255	0.08866254939	0.0	-0.001550309578	0.007847780382	-0.01497353346
582.0	0.02618604144	-0.01302654321	0.08877393949	0.0	-0.001532725478	0.00785648233	-0.0149961766
583.0	0.02621984557	-0.01304350493	0.08888516198	0.0	-0.001515129114	0.007865172353	-0.01501877503
584.0	0.02625361284	-0.01306044778	0.08899621735	0.0	-0.001497520926	0.007873850608	-0.01504132879
585.0	0.02628734333	-0.01307737187	0.08910710606	0.0	-0.001479901351	0.007882517248	-0.01506383791
586.0	0.0263210371	-0.01309427729	0.08921782855	0.0	-0.001462270824	0.007891172419	-0.01508630247
587.0	0.02635469418	-0.01311116414	0.08932838529	0.0	-0.001444629775	0.007899816262	-0.01510872249
588.0	0.02638831465	-0.0131280325	0.08943877672	0.0	-0.001426978631	0.007908448914	-0.01513109806
589.0	0.02642189855	-0.01314488246	0.08954900328	0.0	-0.001409317812	0.007917070505	-0.01515342922
590.0	0.02645544591	-0.01316171412	0.08965906541	0.0	-0.001391647738	0.00792568116	-0.01517571604
591.0	0.02648895679	-0.01317852755	0.08976896352	0.0	-0.001373968817	0.007934280998	-0.0151979586
592.0	0.02652243122	-0.01319532284	0.08987869805	0.0	-0.001356281457	0.007942870133	-0.01522015696
593.0	0.02655586923	-0.01321210007	0.08998826941	0.0	-0.001338586057	0.007951448674	-0.01524231121
594.0	0.02658927086	-0.01322885932	0.09009767801	0.0	-0.00132088301	0.007960016721	-0.01526442143
595.0	0.02662263613	-0.01324560066	0.09020692426	0.0	-0.001303172701	0.007968574372	-0.0152864877
596.0	0.02665596506	-0.01326232417	0.09031600854	0.0	-0.001285455509	0.007977121719	-0.01530851011
597.0	0.02668925768	-0.01327902993	0.09042493126	0.0	-0.001267731806	0.007985658845	-0.01533048876
598.0	0.026722514	-0.01329571799	0.09053369281	0.0	-0.001250001954	0.007994185831	-0.01535242374
599.0	0.02675573404	-0.01331238842	0.09064229355	0.0	-0.001232266309	0.008002702751	-0.01537431515
600.0	0.02678891782	-0.0133290413	0.09075073386	0.0	-0.001214525218	0.008011209673	-0.01539616309
601.0	0.02682206535	-0.01334567667	0.09085901412	0.0	-0.001196779019	0.008019706659	-0.01541796767
602.0	0.02685517662	-0.01336229461	0.09096713467	0.0	-0.001179028041	0.008028193767	-0.015439729
603.0	0.02688825166	-0.01337889517	0.09107509589	0.0	-0.001161272606	0.008036671049	-0.01546144719
604.0	0.02692129045	-0.01339547839	0.09118289812	0.0	-0.001143513024	0.008045138551	-0.01548312235
605.0	0.02695429301	-0.01341204434	0.0912905417	0.0	-0.001125749597	0.008053596314	-0.0155047546
606.0	0.02698725934	-0.01342859306	0.09139802697	0.0	-0.00110798262	0.008062044376	-0.01552634407
607.0	0.02702018943	-0.0134451246	0.09150535427	0.0	-0.001090212374	0.008070482765	-0.01554789087
608.0	0.02705308327	-0.013461639	0.09161252392	0.0	-0.001072439134	0.008078911509	-0.01556939512
609.0	0.02708594087	-0.0134781363	0.09171953625	0.0	-0.001054663164	0.008087330629	-0.01559085696
610.0	0.02711876222	-0.01349461654	0.09182639157	0.0	-0.001036884719	0.008095740141	-0.01561227652
611.0	0.0271515473	-0.01351107976	0.0919330902	0.0	-0.001019104043	0.008104140056	-0.01563365392
612.0	0.02718429612	-0.01352752599	0.09203963244	0.0	-0.001001321372	0.008112530383	-0.0156549893
613.0	0.02721700865	-0.01354395526	0.09214601859	0.0	-0.0009835369308	0.008120911123	-0.01567628279
614.0	0.0272496849	-0.0135603676	0.09225224895	0.0	-0.0009657509356	0.008129282277	-0.01569753453
615.0	0.02728232484	-0.01357676305	0.09235832382	0.0	-0.0009479635924	0.008137643837	-0.01571874465
616.0	0.02731492847	-0.01359314161	0.09246424348	0.0	-0.0009301750979	0.008145995796	-0.0157399133
617.0	0.02734749578	-0.01360950332	0.09257000822	0.0	-0.0009123856392	0.00815433814	-0.01576104062
618.0	0.02738002674	-0.01362584818	0.09267561831	0.0	-0.000894595394	0.008162670852	-0.01578212674
619.0	0.02741252135	-0.01364217623	0.09278107404	0.0	-0.0008768045306	0.008170993912	-0.01580317181
620.0	0.02744497959	-0.01365848748	0.09288637566	0.0	-0.0008590132083	0.008179307296	-0.01582417597
621.0	0.02747740145	-0.01367478194	0.09299152346	0.0	-0.0008412215771	0.008187610979	-0.01584513937
622.0	0.02750978691	-0.01369105961	0.09309651769	0.0	-0.0008234297781	0.00819590493	-0.01586606215
623.0	0.02754213597	-0.01370732052	0.09320135861	0.0	-0.0008056379438	0.008204189117	-0.01588694446
624.0	0.0275744486	-0.01372356466	0.09330604649	0.0	-0.0007878461979	0.008212463505	-0.01590778643
625.0	0.0276067248	-0.01373979204	0.09341058157	0.0	-0.0007700546557	0.008220728056	-0.01592858823
626.0	0.02763896454	-0.01375600268	0.0935149641	0.0	-0.0007522634243	0.008228982731	-0.01594934998
627.0	0.02767116783	-0.01377219656	0.09361919434	0.0	-0.0007344726026	0.008237227487	-0.01597007185
628.0	0.02770333464	-0.01378837368	0.09372327253	0.0	-0.0007166822817	0.008245462281	-0.01599075397
629.0	0.02773546497	-0.01380453406	0.0938271989	0.0	-0.000698892545	0.008253687066	-0.01601139649
630.0	0.0277675588	-0.01382067768	0.09393097371	0.0	-0.0006811034685	0.008261901795	-0.01603199956
631.0	0.02779961613	-0.01383680455	0.09403459719	0.0	-0.0006633151211	0.00827010642	-0.01605256333
632.0	0.02783163694	-0.01385291465	0.09413806956	0.0	-0.0006455275644	0.008278300889	-0.01607308792
633.0	0.02786362123	-0.01386900798	0.09424139108	0.0	-0.0006277408536	0.008286485152	-0.0160935735
634.0	0.02789556899	-0.01388508453	0.09434456196	0.0	-0.000609955037	0.008294659156	-0.01611402021
635.0	0.02792748021	-0.01390114429	0.09444758244	0.0	-0.0005921701571	0.008302822847	-0.01613442818
636.0	0.0279593549	-0.01391718726	0.09455045274	0.0	-0.00057438625	0.008310976173	-0.01615479756
637.0	0.02799119304	-0.01393321342	0.0946531731	0.0	-0.0005566033463	0.008319119077	-0.01617512849
638.0	0.02802299464	-0.01394922276	0.09475574373	0.0	-0.000538821471	0.008327251507	-0.01619542111
639.0	0.02805475969	-0.01396521527	0.09485816487	0.0	-0.0005210406439	0.008335373405	-0.01621567557
640.0	0.02808648819	-0.01398119093	0.09496043673	0.0	-0.0005032608797	0.008343484718	-0.01623589199
641.0	0.02811818015	-0.01399714973	0.09506255953	0.0	-0.0004854821886	0.00835158539	-0.01625607052
642.0	0.02814983557	-0.01401309166	0.09516453351	0.0	-0.0004677045763	0.008359675366	-0.01627621128
643.0	0.02818145445	-0.0140290167	0.09526635888	0.0	-0.0004499280442	0.008367754591	-0.01629631443
644.0	0.02821303679	-0.01404492484	0.09536803585	0.0	-0.00043215259	0.008375823012	-0.01631638008
645.0	0.02824458261	-0.01406081606	0.09546956465	0.0	-0.0004143782076	0.008383880575	-0.01633640836
646.0	0.02827609192	-0.01407669034	0.09557094551	0.0	-0.0003966048876	0.008391927227	-0.01635639942
647.0	0.02830756472	-0.01409254767	0.09567217863	0.0	-0.0003788326174	0.008399962916	-0.01637635338
648.0	0.02833900103	-0.01410838803	0.09577326424	0.0	-0.0003610613817	0.00840798759	-0.01639627036
649.0	0.02837040086	-0.0141242114	0.09587420255	0.0	-0.0003432911625	0.008416001201	-0.01641615049
650.0	0.02840176422	-0.01414001777	0.09597499379	0.0	-0.0003255219394	0.008424003698	-0.01643599389
651.0	0.02843309114	-0.01415580713	0.09607563817	0.0	-0.00030775369	0.008431995035	-0.01645580069
652.0	0.02846438162	-0.01417157944	0.09617613592	0.0	-0.0002899863901	0.008439975165	-0.016475571
653.0	0.0284956357	-0.01418733471	0.09627648726	0.0	-0.0002722200138	0.008447944043	-0.01649530495
654.0	0.02852685338	-0.0142030729	0.0963766924	0.0	-0.000254454534	0.008455901625	-0.01651500264
655.0	0.02855803471	-0.01421879402	0.09647675157	0.0	-0.0002366899223	0.008463847871	-0.0165346642
656.0	0.02858917969	-0.01423449803	0.09657666498	0.0	-0.0002189261495	0.008471782739	-0.01655428973
657.0	0.02862028835	-0.01425018493	0.09667643287	0.0	-0.0002011631857	0.008479706193	-0.01657387936
658.0	0.02865136073	-0.0142658547	0.09677605545	0.0	-0.0001834010008	0.008487618194	-0.01659343318
659.0	0.02868239684	-0.01428150732	0.09687553295	0.0	-0.000165639564	0.008495518708	-0.0166129513
660.0	0.02871339673	-0.01429714278	0.09697486559	0.0	-0.000147878845	0.008503407704	-0.01663243384
661.0	0.02874436043	-0.01431276108	0.0970740536	0.0	-0.0001301188133	0.008511285149	-0.01665188088
662.0	0.02877528796	-0.01432836219	0.0971730972	0.0	-0.000112359439	0.008519151016	-0.01667129255
663.0	0.02880617936	-0.0143439461	0.09727199663	0.0	-9.460069267e-5	0.008527005277	-0.01669066892
664.0	0.02883703468	-0.0143595128	0.09737075211	0.0	-7.684254568e-5	0.008534847908	-0.01671001011
665.0	0.02886785394	-0.01437506229	0.09746936386	0.0	-5.908497031e-5	0.008542678887	-0.0167293162
666.0	0.02889863718	-0.01439059454	0.09756783214	0.0	-4.132793995e-5	0.008550498193	-0.0167485873
667.0	0.02892938445	-0.01440610956	0.09766615715	0.0	-2.357142923e-5	0.008558305808	-0.01676782349
668.0	0.02896009579	-0.01442160733	0.09776433914	0.0	-5.815414215e-6	0.008566101716	-0.01678702487
669.0	0.02899077124	-0.01443708785	0.09786237834	0.0	1.194012749e-5	0.008573885904	-0.01680619152
670.0	0.02902141084	-0.01445255111	0.09796027499	0.0	2.969521656e-5	0.00858165836	-0.01682532353
671.0	0.02905201464	-0.0144679971	0.09805802932	0.0	4.744987187e-5	0.008589419075	-0.01684442098
672.0	0.02908258269	-0.01448342581	0.09815564157	0.0	6.520411031e-5	0.008597168041	-0.01686348397
673.0	0.02911311503	-0.01449883726	0.09825311198	0.0	8.295794673e-5	0.008604905254	-0.01688251256
674.0	0.02914361171	-0.01451423142	0.0983504408	0.0	0.0001007113938	0.008612630712	-0.01690150684
675.0	0.02917407278	-0.0145296083	0.09844762825	0.0	0.0001184644619	0.008620344413	-0.01692046689
676.0	0.02920449829	-0.0145449679	0.09854467459	0.0	0.000136217159	0.00862804636	-0.01693939279
677.0	0.0292348883	-0.01456031021	0.09864158005	0.0	0.0001539694907	0.008635736557	-0.01695828461
678.0	0.02926524285	-0.01457563524	0.09873834489	0.0	0.00017172146	0.008643415009	-0.01697714242
679.0	0.029295562	-0.014590943	0.09883496934	0.0	0.0001894730673	0.008651081724	-0.01699596629
680.0	0.0293258458	-0.01460623347	0.09893145367	0.0	0.0002072243105	0.008658736713	-0.01701475631
681.0	0.0293560943	-0.01462150667	0.0990277981	0.0	0.0002249751844	0.008666379988	-0.01703351253
682.0	0.02938630756	-0.01463676259	0.0991240029	0.0	0.0002427256814	0.008674011564	-0.01705223502
683.0	0.02941648564	-0.01465200125	0.09922006832	0.0	0.0002604757909	0.008681631456	-0.01707092385
684.0	0.02944662859	-0.01466722266	0.0993159946	0.0	0.0002782254996	0.008689239683	-0.01708957908
685.0	0.02947673647	-0.01468242681	0.09941178199	0.0	0.0002959747911	0.008696836264	-0.01710820079
686.0	0.02950680934	-0.01469761372	0.09950743076	0.0	0.0003137236462	0.008704421222	-0.01712678903
687.0	0.02953684725	-0.01471278339	0.09960294116	0.0	0.000331472043	0.008711994579	-0.01714534386
688.0	0.02956685026	-0.01472793584	0.09969831344	0.0	0.0003492199564	0.008719556363	-0.01716386534
689.0	0.02959681843	-0.01474307108	0.09979354785	0.0	0.0003669673586	0.008727106598	-0.01718235354
690.0	0.02962675181	-0.01475818912	0.09988864466	0.0	0.0003847142186	0.008734645315	-0.0172008085
691.0	0.02965665048	-0.01477328997	0.09998360412	0.0	0.0004024605029	0.008742172543	-0.0172192303
692.0	0.02968651448	-0.01478837365	0.1000784265	0.0	0.0004202061748	0.008749688315	-0.01723761898
693.0	0.02971634388	-0.01480344016	0.100173112	0.0	0.0004379511949	0.008757192662	-0.0172559746
694.0	0.02974613873	-0.01481848954	0.100267661	0.0	0.0004556955209	0.008764685621	-0.01727429722
695.0	0.0297758991	-0.01483352178	0.1003620736	0.0	0.0004734391077	0.008772167226	-0.01729258689
696.0	0.02980562504	-0.01484853692	0.1004563503	0.0	0.0004911819076	0.008779637515	-0.01731084366
697.0	0.02983531661	-0.01486353496	0.1005504911	0.0	0.0005089238701	0.008787096525	-0.01732906759
698.0	0.02986497387	-0.01487851593	0.1006444964	0.0	0.0005266649418	0.008794544298	-0.01734725872
699.0	0.02989459689	-0.01489347985	0.1007383664	0.0	0.0005444050669	0.008801980872	-0.01736541712
700.0	0.02992418572	-0.01490842673	0.1008321014	0.0	0.0005621441873	0.00880940629	-0.01738354282
701.0	0.02995374042	-0.0149233566	0.1009257017	0.0	0.0005798822419	0.008816820594	-0.01740163589
702.0	0.02998326105	-0.01493826947	0.1010191675	0.0	0.0005976191674	0.008824223827	-0.01741969636
703.0	0.03001274766	-0.01495316538	0.1011124991	0.0	0.0006153548983	0.008831616033	-0.0174377243
704.0	0.03004220033	-0.01496804434	0.1012056967	0.0	0.0006330893666	0.008838997258	-0.01745571975
705.0	0.03007161909	-0.01498290637	0.1012987607	0.0	0.0006508225021	0.008846367546	-0.01747368275
706.0	0.03010100402	-0.01499775151	0.1013916912	0.0	0.0006685542325	0.008853726943	-0.01749161336
707.0	0.03013035517	-0.01501257977	0.1014844886	0.0	0.0006862844835	0.008861075497	-0.01750951163
708.0	0.03015967259	-0.01502739117	0.101577153	0.0	0.0007040131788	0.008868413254	-0.0175273776
709.0	0.03018895635	-0.01504218576	0.1016696849	0.0	0.00072174024	0.008875740262	-0.01754521133
710.0	0.03021820649	-0.01505696354	0.1017620843	0.0	0.0007394655873	0.008883056568	-0.01756301285
711.0	0.03024742308	-0.01507172455	0.1018543517	0.0	0.0007571891387	0.00889036222	-0.01758078223
712.0	0.03027660617	-0.01508646881	0.1019464872	0.0	0.0007749108111	0.008897657267	-0.0175985195
713.0	0.03030575582	-0.01510119635	0.1020384911	0.0	0.0007926305194	0.008904941757	-0.01761622472
714.0	0.03033487207	-0.0151159072	0.1021303637	0.0	0.0008103481773	0.008912215739	-0.01763389793
715.0	0.03036395499	-0.01513060138	0.1022221052	0.0	0.0008280636972	0.00891947926	-0.01765153919
716.0	0.03039300462	-0.01514527892	0.1023137159	0.0	0.00084577699	0.008926732371	-0.01766914853
717.0	0.03042202102	-0.01515993986	0.1024051961	0.0	0.0008634879656	0.008933975118	-0.01768672601
718.0	0.03045100425	-0.01517458421	0.102496546	0.0	0.0008811965328	0.00894120755	-0.01770427168
719.0	0.03047995434	-0.01518921201	0.1025877658	0.0	0.0008989025996	0.008948429715	-0.01772178559
720.0	0.03050887136	-0.01520382329	0.1026788559	0.0	0.0009166060728	0.008955641662	-0.01773926779
721.0	0.03053775535	-0.01521841807	0.1027698165	0.0	0.0009343068586	0.008962843436	-0.01775671832
722.0	0.03056660637	-0.01523299638	0.1028606479	0.0	0.0009520048626	0.008970035087	-0.01777413723
723.0	0.03059542445	-0.01524755826	0.1029513502	0.0	0.0009696999897	0.008977216659	-0.01779152459
724.0	0.03062420966	-0.01526210373	0.1030419238	0.0	0.0009873921441	0.008984388201	-0.01780888043
725.0	0.03065296203	-0.01527663281	0.1031323689	0.0	0.00100508123	0.008991549757	-0.0178262048
726.0	0.03068168162	-0.01529114555	0.1032226858	0.0	0.001022767151	0.008998701373	-0.01784349777
727.0	0.03071036847	-0.01530564196	0.1033128747	0.0	0.001040449811	0.009005843093	-0.01786075938
728.0	0.03073902263	-0.01532012208	0.1034029359	0.0	0.001058129112	0.009012974962	-0.01787798968
729.0	0.03076764414	-0.01533458594	0.1034928696	0.0	0.001075804959	0.009020097024	-0.01789518873
730.0	0.03079623305	-0.01534903356	0.103582676	0.0	0.001093477254	0.00902720932	-0.01791235657
731.0	0.0308247894	-0.01536346498	0.1036723555	0.0	0.001111145901	0.009034311894	-0.01792949327
732.0	0.03085331323	-0.01537788022	0.1037619082	0.0	0.001128810803	0.009041404786	-0.01794659887
733.0	0.03088180459	-0.01539227931	0.1038513345	0.0	0.001146471865	0.009048488038	-0.01796367344
734.0	0.03091026352	-0.01540666227	0.1039406345	0.0	0.001164128991	0.009055561689	-0.01798071702
735.0	0.03093869006	-0.01542102915	0.1040298085	0.0	0.001181782084	0.009062625778	-0.01799772968
736.0	0.03096708425	-0.01543537996	0.1041188568	0.0	0.001199431052	0.009069680344	-0.01801471146
737.0	0.03099544613	-0.01544971473	0.1042077795	0.0	0.001217075798	0.009076725424	-0.01803166243
738.0	0.03102377574	-0.01546403349	0.104296577	0.0	0.00123471623	0.009083761053	-0.01804858264
739.0	0.03105207312	-0.01547833627	0.1043852494	0.0	0.001252352256	0.009090787269	-0.01806547215
740.0	0.0310803383	-0.01549262309	0.1044737971	0.0	0.001269983781	0.009097804106	-0.01808233102
741.0	0.03110857133	-0.01550689399	0.1045622202	0.0	0.001287610717	0.009104811597	-0.0180991593
742.0	0.03113677225	-0.01552114898	0.104650519	0.0	0.001305232971	0.009111809775	-0.01811595707
743.0	0.03116494108	-0.01553538809	0.1047386936	0.0	0.001322850456	0.009118798673	-0.01813272436
744.0	0.03119307787	-0.01554961135	0.1048267445	0.0	0.001340463082	0.009125778321	-0.01814946126
745.0	0.03122118265	-0.01556381879	0.1049146717	0.0	0.001358070762	0.00913274875	-0.01816616781
746.0	0.03124925545	-0.01557801042	0.1050024755	0.0	0.00137567341	0.009139709988	-0.01818284408
747.0	0.03127729632	-0.01559218628	0.1050901562	0.0	0.00139327094	0.009146662064	-0.01819949013
748.0	0.03130530528	-0.01560634639	0.1051777139	0.0	0.00141086327	0.009153605005	-0.01821610603
749.0	0.03133328237	-0.01562049077	0.105265149	0.0	0.001428450316	0.009160538837	-0.01823269183
750.0	0.03136122762	-0.01563461945	0.1053524615	0.0	0.001446031997	0.009167463586	-0.01824924761
751.0	0.03138914106	-0.01564873245	0.1054396518	0.0	0.001463608234	0.009174379275	-0.01826577341
752.0	0.03141702273	-0.01566282979	0.1055267201	0.0	0.001481178946	0.00918128593	-0.01828226932
753.0	0.03144487266	-0.01567691149	0.1056136666	0.0	0.001498744057	0.009188183571	-0.01829873539
754.0	0.03147269088	-0.01569097758	0.1057004915	0.0	0.001516303492	0.009195072221	-0.01831517168
755.0	0.03150047743	-0.01570502809	0.105787195	0.0	0.001533857174	0.009201951901	-0.01833157827
756.0	0.03152823232	-0.01571906302	0.1058737774	0.0	0.001551405032	0.00920882263	-0.01834795522
757.0	0.0315559556	-0.0157330824	0.1059602388	0.0	0.001568946994	0.009215684427	-0.0183643026
758.0	0.0315836473	-0.01574708626	0.1060465796	0.0	0.001586482989	0.009222537311	-0.01838062048
759.0	0.03161130743	-0.01576107461	0.1061327999	0.0	0.001604012949	0.009229381298	-0.01839690891
760.0	0.03163893604	-0.01577504747	0.1062188998	0.0	0.001621536806	0.009236216406	-0.01841316797
761.0	0.03166653316	-0.01578900487	0.1063048798	0.0	0.001639054496	0.009243042649	-0.01842939773
762.0	0.0316940988	-0.01580294682	0.1063907398	0.0	0.001656565952	0.009249860044	-0.01844559826
763.0	0.03172163301	-0.01581687334	0.1064764803	0.0	0.001674071114	0.009256668603	-0.01846176961
764.0	0.03174913581	-0.01583078444	0.1065621012	0.0	0.001691569919	0.00926346834	-0.01847791188
765.0	0.03177660723	-0.01584468016	0.106647603	0.0	0.001709062308	0.009270259268	-0.01849402511
766.0	0.03180404729	-0.0158585605	0.1067329858	0.0	0.001726548222	0.009277041398	-0.01851010939
767.0	0.03183145603	-0.01587242548	0.1068182497	0.0	0.001744027605	0.009283814742	-0.01852616477
768.0	0.03185883348	-0.01588627513	0.1069033951	0.0	0.001761500402	0.009290579311	-0.01854219134
769.0	0.03188617966	-0.01590010944	0.106988422	0.0	0.001778966558	0.009297335114	-0.01855818916
770.0	0.0319134946	-0.01591392846	0.1070733308	0.0	0.001796426022	0.00930408216	-0.0185741583
771.0	0.03194077832	-0.01592773218	0.1071581216	0.0	0.001813878742	0.009310820459	-0.01859009883
772.0	0.03196803087	-0.01594152062	0.1072427946	0.0	0.001831324669	0.009317550019	-0.01860601083
773.0	0.03199525225	-0.01595529381	0.10732735	0.0	0.001848763754	0.009324270846	-0.01862189436
774.0	0.03202244251	-0.01596905175	0.107411788	0.0	0.001866195952	0.009330982949	-0.01863774949
775.0	0.03204960167	-0.01598279446	0.1074961088	0.0	0.001883621215	0.009337686334	-0.0186535763
776.0	0.03207672976	-0.01599652196	0.1075803127	0.0	0.001901039502	0.009344381006	-0.01866937485
777.0	0.0321038268	-0.01601023426	0.1076643997	0.0	0.001918450768	0.009351066973	-0.01868514522
778.0	0.03213089282	-0.01602393137	0.1077483702	0.0	0.001935854972	0.009357744239	-0.01870088748
779.0	0.03215792786	-0.0160376133	0.1078322243	0.0	0.001953252074	0.009364412809	-0.0187166017
780.0	0.03218493193	-0.01605128008	0.1079159622	0.0	0.001970642035	0.009371072687	-0.01873228794
781.0	0.03221190507	-0.01606493171	0.1079995841	0.0	0.001988024817	0.009377723879	-0.01874794629
782.0	0.03223884731	-0.01607856821	0.1080830902	0.0	0.002005400384	0.009384366388	-0.01876357681
783.0	0.03226575867	-0.01609218959	0.1081664806	0.0	0.0020227687	0.009391000218	-0.01877917958
784.0	0.03229263918	-0.01610579587	0.1082497557	0.0	0.002040129731	0.009397625372	-0.01879475465
785.0	0.03231948887	-0.01611938705	0.1083329155	0.0	0.002057483442	0.009404241854	-0.01881030211
786.0	0.03234630776	-0.01613296314	0.1084159603	0.0	0.002074829803	0.009410849667	-0.01882582203
787.0	0.03237309589	-0.01614652417	0.1084988902	0.0	0.002092168781	0.009417448813	-0.01884131447
788.0	0.03239985329	-0.01616007014	0.1085817055	0.0	0.002109500346	0.009424039296	-0.0188567795
789.0	0.03242657998	-0.01617360107	0.1086644063	0.0	0.00212682447	0.009430621118	-0.01887221721
790.0	0.03245327599	-0.01618711696	0.1087469929	0.0	0.002144141122	0.009437194282	-0.01888762764
791.0	0.03247994136	-0.01620061782	0.1088294654	0.0	0.002161450276	0.009443758791	-0.01890301088
792.0	0.0325065761	-0.01621410368	0.1089118239	0.0	0.002178751904	0.009450314646	-0.018918367
793.0	0.03253318026	-0.01622757454	0.1089940688	0.0	0.002196045981	0.00945686185	-0.01893369606
794.0	0.03255975385	-0.01624103041	0.1090762001	0.0	0.002213332481	0.009463400406	-0.01894899814
795.0	0.03258629691	-0.0162544713	0.1091582181	0.0	0.00223061138	0.009469930316	-0.01896427329
796.0	0.03261280948	-0.01626789723	0.109240123	0.0	0.002247882653	0.009476451583	-0.0189795216
797.0	0.03263929157	-0.0162813082	0.1093219149	0.0	0.002265146277	0.00948296421	-0.01899474312
798.0	0.03266574322	-0.01629470423	0.109403594	0.0	0.002282402229	0.009489468198	-0.01900993793
799.0	0.03269216446	-0.01630808532	0.1094851606	0.0	0.002299650487	0.009495963551	-0.0190251061
800.0	0.03271855532	-0.0163214515	0.1095666147	0.0	0.00231689103	0.009502450272	-0.01904024769
801.0	0.03274491583	-0.01633480276	0.1096479566	0.0	0.002334123835	0.009508928363	-0.01905536277
802.0	0.03277124602	-0.01634813913	0.1097291865	0.0	0.002351348883	0.009515397829	-0.0190704514
803.0	0.03279754593	-0.0163614606	0.1098103046	0.0	0.002368566153	0.009521858671	-0.01908551365
804.0	0.03282381558	-0.0163747672	0.109891311	0.0	0.002385775624	0.009528310895	-0.0191005496
805.0	0.032850055	-0.01638805893	0.1099722059	0.0	0.002402977278	0.009534754503	-0.01911555929
806.0	0.03287626424	-0.0164013358	0.1100529895	0.0	0.002420171095	0.009541189499	-0.01913054281
807.0	0.03290244331	-0.01641459783	0.110133662	0.0	0.002437357055	0.009547615888	-0.01914550021
808.0	0.03292859225	-0.01642784503	0.1102142235	0.0	0.00245453514	0.009554033674	-0.01916043156
809.0	0.0329547111	-0.0164410774	0.1102946744	0.0	0.002471705331	0.009560442862	-0.01917533692
810.0	0.03298079989	-0.01645429497	0.1103750146	0.0	0.002488867611	0.009566843456	-0.01919021636
811.0	0.03300685864	-0.01646749773	0.1104552445	0.0	0.00250602196	0.009573235462	-0.01920506994
812.0	0.0330328874	-0.0164806857	0.1105353642	0.0	0.00252316836	0.009579618886	-0.01921989773
813.0	0.03305888619	-0.01649385889	0.1106153739	0.0	0.002540306794	0.009585993733	-0.01923469978
814.0	0.03308485505	-0.01650701732	0.1106952737	0.0	0.002557437243	0.009592360009	-0.01924947615
815.0	0.03311079401	-0.01652016099	0.1107750639	0.0	0.002574559689	0.00959871772	-0.01926422692
816.0	0.0331367031	-0.01653328992	0.1108547446	0.0	0.002591674115	0.009605066874	-0.01927895215
817.0	0.03316258237	-0.01654640412	0.110934316	0.0	0.002608780503	0.009611407477	-0.01929365188
818.0	0.03318843184	-0.01655950359	0.1110137783	0.0	0.002625878834	0.009617739536	-0.01930832619
819.0	0.03321425154	-0.01657258836	0.1110931317	0.0	0.002642969091	0.009624063059	-0.01932297514
820.0	0.03324004152	-0.01658565843	0.1111723763	0.0	0.002660051255	0.009630378055	-0.01933759877
821.0	0.03326580179	-0.01659871382	0.1112515124	0.0	0.002677125309	0.00963668453	-0.01935219717
822.0	0.03329153241	-0.01661175453	0.11133054	0.0	0.002694191233	0.009642982495	-0.01936677037
823.0	0.03331723341	-0.01662478059	0.1114094595	0.0	0.00271124901	0.009649271957	-0.01938131845
824.0	0.03334290481	-0.01663779199	0.111488271	0.0	0.002728298621	0.009655552927	-0.01939584146
825.0	0.03336854665	-0.01665078877	0.1115669746	0.0	0.002745340048	0.009661825413	-0.01941033945
826.0	0.03339415898	-0.01666377091	0.1116455705	0.0	0.002762373271	0.009668089426	-0.0194248125
827.0	0.03341974182	-0.01667673845	0.111724059	0.0	0.002779398271	0.009674344975	-0.01943926064
828.0	0.0334452952	-0.0166896914	0.1118024401	0.0	0.002796415029	0.009680592072	-0.01945368395
829.0	0.03347081917	-0.01670262975	0.1118807141	0.0	0.002813423526	0.009686830727	-0.01946808247
830.0	0.03349631376	-0.01671555354	0.1119588812	0.0	0.002830423741	0.009693060952	-0.01948245626
831.0	0.03352177901	-0.01672846277	0.1120369415	0.0	0.002847415655	0.009699282758	-0.01949680539
832.0	0.03354721494	-0.01674135745	0.1121148952	0.0	0.002864399247	0.009705496156	-0.01951112989
833.0	0.0335726216	-0.01675423761	0.1121927425	0.0	0.002881374498	0.009711701159	-0.01952542984
834.0	0.03359799902	-0.01676710325	0.1122704836	0.0	0.002898341386	0.009717897779	-0.01953970527
835.0	0.03362334724	-0.01677995438	0.1123481187	0.0	0.00291529989	0.009724086029	-0.01955395626
836.0	0.03364866629	-0.01679279102	0.1124256478	0.0	0.002932249989	0.009730265922	-0.01956818285
837.0	0.03367395622	-0.01680561319	0.1125030713	0.0	0.002949191662	0.009736437472	-0.01958238509
838.0	0.03369921704	-0.0168184209	0.1125803892	0.0	0.002966124886	0.009742600691	-0.01959656304
839.0	0.0337244488	-0.01683121416	0.1126576018	0.0	0.00298304964	0.009748755593	-0.01961071675
840.0	0.03374965155	-0.01684399299	0.1127347092	0.0	0.002999965901	0.009754902193	-0.01962484627
841.0	0.0337748253	-0.0168567574	0.1128117117	0.0	0.003016873646	0.009761040505	-0.01963895167
842.0	0.0337999701	-0.0168695074	0.1128886093	0.0	0.003033772854	0.009767170543	-0.01965303298
843.0	0.03382508598	-0.01688224302	0.1129654024	0.0	0.003050663499	0.009773292322	-0.01966709026
844.0	0.03385017299	-0.01689496426	0.1130420909	0.0	0.00306754556	0.009779405858	-0.01968112356
845.0	0.03387523115	-0.01690767114	0.1131186752	0.0	0.003084419011	0.009785511164	-0.01969513293
846.0	0.0339002605	-0.01692036368	0.1131951554	0.0	0.00310128383	0.009791608258	-0.01970911843
847.0	0.03392526108	-0.01693304189	0.1132715317	0.0	0.003118139992	0.009797697153	-0.0197230801
848.0	0.03395023292	-0.01694570579	0.1133478042	0.0	0.003134987472	0.009803777867	-0.019737018
849.0	0.03397517606	-0.01695835538	0.1134239731	0.0	0.003151826246	0.009809850414	-0.01975093217
850.0	0.03400009054	-0.0169709907	0.1135000387	0.0	0.003168656288	0.009815914812	-0.01976482267
851.0	0.03402497639	-0.01698361175	0.113576001	0.0	0.003185477574	0.009821971076	-0.01977868954
852.0	0.03404983364	-0.01699621854	0.1136518603	0.0	0.003202290077	0.009828019222	-0.01979253283
853.0	0.03407466233	-0.0170088111	0.1137276167	0.0	0.003219093772	0.009834059267	-0.0198063526
854.0	0.03409946251	-0.01702138945	0.1138032704	0.0	0.003235888634	0.009840091228	-0.01982014889
855.0	0.03412423419	-0.01703395358	0.1138788216	0.0	0.003252674636	0.009846115122	-0.01983392175
856.0	0.03414897742	-0.01704650353	0.1139542704	0.0	0.003269451751	0.009852130965	-0.01984767123
857.0	0.03417369224	-0.01705903931	0.1140296171	0.0	0.003286219953	0.009858138774	-0.01986139737
858.0	0.03419837868	-0.01707156093	0.1141048617	0.0	0.003302979216	0.009864138567	-0.01987510024
859.0	0.03422303677	-0.01708406841	0.1141800046	0.0	0.003319729513	0.009870130359	-0.01988877986
860.0	0.03424766655	-0.01709656176	0.1142550457	0.0	0.003336470816	0.00987611417	-0.0199024363
861.0	0.03427226805	-0.01710904101	0.1143299854	0.0	0.003353203099	0.009882090014	-0.0199160696
862.0	0.03429684132	-0.01712150617	0.1144048238	0.0	0.003369926334	0.009888057911	-0.01992967981
863.0	0.03432138638	-0.01713395726	0.1144795611	0.0	0.003386640494	0.009894017876	-0.01994326697
864.0	0.03434590326	-0.01714639428	0.1145541973	0.0	0.003403345552	0.009899969928	-0.01995683113
865.0	0.03437039202	-0.01715881727	0.1146287328	0.0	0.003420041479	0.009905914083	-0.01997037234
866.0	0.03439485266	-0.01717122623	0.1147031677	0.0	0.003436728248	0.009911850359	-0.01998389065
867.0	0.03441928525	-0.01718362118	0.1147775021	0.0	0.003453405832	0.009917778773	-0.0199973861
868.0	0.0344436898	-0.01719600214	0.1148517362	0.0	0.003470074203	0.009923699342	-0.02001085874
869.0	0.03446806635	-0.01720836912	0.1149258702	0.0	0.003486733333	0.009929612084	-0.02002430861
870.0	0.03449241493	-0.01722072215	0.1149999042	0.0	0.003503383193	0.009935517015	-0.02003773577
871.0	0.03451673559	-0.01723306123	0.1150738385	0.0	0.003520023757	0.009941414153	-0.02005114026
872.0	0.03454102835	-0.01724538639	0.1151476732	0.0	0.003536654996	0.009947303514	-0.02006452213
873.0	0.03456529324	-0.01725769764	0.1152214084	0.0	0.003553276883	0.009953185116	-0.02007788142
874.0	0.03458953031	-0.01726999499	0.1152950443	0.0	0.003569889389	0.009959058976	-0.02009121817
875.0	0.03461373958	-0.01728227848	0.1153685812	0.0	0.003586492487	0.00996492511	-0.02010453244
876.0	0.03463792109	-0.0172945481	0.1154420191	0.0	0.003603086149	0.009970783535	-0.02011782427
877.0	0.03466207487	-0.01730680388	0.1155153582	0.0	0.003619670348	0.009976634268	-0.02013109371
878.0	0.03468620096	-0.01731904583	0.1155885987	0.0	0.003636245055	0.009982477326	-0.0201443408
879.0	0.03471029938	-0.01733127398	0.1156617408	0.0	0.003652810244	0.009988312724	-0.02015756559
880.0	0.03473437017	-0.01734348833	0.1157347846	0.0	0.003669365886	0.00999414048	-0.02017076813
881.0	0.03475841337	-0.01735568891	0.1158077303	0.0	0.003685911955	0.009999960609	-0.02018394845
882.0	0.034782429	-0.01736787573	0.1158805781	0.0	0.003702448423	0.01000577313	-0.02019710661
883.0	0.0348064171	-0.01738004881	0.1159533281	0.0	0.003718975263	0.01001157805	-0.02021024265
884.0	0.0348303777	-0.01739220816	0.1160259804	0.0	0.003735492448	0.0100173754	-0.02022335662
885.0	0.03485431084	-0.0174043538	0.1160985353	0.0	0.003751999952	0.01002316518	-0.02023644856
886.0	0.03487821654	-0.01741648574	0.116170993	0.0	0.003768497748	0.01002894742	-0.02024951853
887.0	0.03490209484	-0.01742860401	0.1162433534	0.0	0.003784985808	0.01003472212	-0.02026256655
888.0	0.03492594576	-0.01744070862	0.116315617	0.0	0.003801464108	0.01004048931	-0.02027559269
889.0	0.03494976935	-0.01745279959	0.1163877837	0.0	0.003817932621	0.01004624899	-0.02028859698
890.0	0.03497356563	-0.01746487693	0.1164598537	0.0	0.00383439132	0.01005200119	-0.02030157947
891.0	0.03499733464	-0.01747694065	0.1165318273	0.0	0.003850840181	0.01005774592	-0.0203145402
892.0	0.0350210764	-0.01748899078	0.1166037046	0.0	0.003867279178	0.01006348319	-0.02032747923
893.0	0.03504479095	-0.01750102733	0.1166754857	0.0	0.003883708285	0.01006921302	-0.0203403966
894.0	0.03506847832	-0.01751305032	0.1167471708	0.0	0.003900127477	0.01007493542	-0.02035329234
895.0	0.03509213855	-0.01752505976	0.11681876	0.0	0.003916536731	0.0100806504	-0.02036616652
896.0	0.03511577165	-0.01753705567	0.1168902536	0.0	0.00393293602	0.01008635799	-0.02037901917
897.0	0.03513937766	-0.01754903807	0.1169616516	0.0	0.003949325321	0.01009205819	-0.02039185033
898.0	0.03516295662	-0.01756100696	0.1170329543	0.0	0.00396570461	0.01009775102	-0.02040466006
899.0	0.03518650855	-0.01757296237	0.1171041617	0.0	0.003982073863	0.01010343649	-0.0204174484
900.0	0.03521003349	-0.01758490431	0.1171752741	0.0	0.003998433056	0.01010911461	-0.02043021539
901.0	0.03523353146	-0.0175968328	0.1172462916	0.0	0.004014782166	0.0101147854	-0.02044296109
902.0	0.03525700249	-0.01760874786	0.1173172143	0.0	0.004031121171	0.01012044888	-0.02045568552
903.0	0.03528044663	-0.01762064949	0.1173880425	0.0	0.004047450047	0.01012610504	-0.02046838875
904.0	0.03530386389	-0.01763253771	0.1174587762	0.0	0.004063768772	0.01013175391	-0.02048107081
905.0	0.03532725431	-0.01764441255	0.1175294156	0.0	0.004080077324	0.01013739551	-0.02049373175
906.0	0.03535061791	-0.01765627401	0.1175999609	0.0	0.004096375682	0.01014302983	-0.02050637162
907.0	0.03537395473	-0.01766812211	0.1176704123	0.0	0.004112663822	0.0101486569	-0.02051899046
908.0	0.0353972648	-0.01767995687	0.1177407698	0.0	0.004128941726	0.01015427672	-0.02053158831
909.0	0.03542054815	-0.0176917783	0.1178110336	0.0	0.00414520937	0.01015988931	-0.02054416523
910.0	0.0354438048	-0.01770358641	0.117881204	0.0	0.004161466735	0.01016549468	-0.02055672125
911.0	0.03546703479	-0.01771538122	0.1179512809	0.0	0.004177713801	0.01017109284	-0.02056925642
912.0	0.03549023815	-0.01772716275	0.1180212647	0.0	0.004193950546	0.0101766838	-0.02058177078
913.0	0.0355134149	-0.01773893101	0.1180911554	0.0	0.004210176953	0.01018226757	-0.02059426439
914.0	0.03553656508	-0.01775068602	0.1181609532	0.0	0.004226393	0.01018784418	-0.02060673728
915.0	0.03555968871	-0.01776242779	0.1182306582	0.0	0.004242598669	0.01019341361	-0.0206191895
916.0	0.03558278583	-0.01777415633	0.1183002707	0.0	0.004258793941	0.0101989759	-0.02063162109
917.0	0.03560585646	-0.01778587166	0.1183697906	0.0	0.004274978798	0.01020453104	-0.02064403211
918.0	0.03562890063	-0.01779757379	0.1184392183	0.0	0.004291153221	0.01021007905	-0.02065642259
919.0	0.03565191838	-0.01780926275	0.1185085538	0.0	0.004307317192	0.01021561993	-0.02066879258
920.0	0.03567490973	-0.01782093853	0.1185777972	0.0	0.004323470693	0.01022115371	-0.02068114212
921.0	0.03569787471	-0.01783260117	0.1186469488	0.0	0.004339613708	0.01022668039	-0.02069347126
922.0	0.03572081336	-0.01784425066	0.1187160087	0.0	0.004355746218	0.01023219997	-0.02070578005
923.0	0.03574372569	-0.01785588703	0.1187849771	0.0	0.004371868208	0.01023771248	-0.02071806852
924.0	0.03576661174	-0.0178675103	0.118853854	0.0	0.00438797966	0.01024321791	-0.02073033672
925.0	0.03578947154	-0.01787912046	0.1189226396	0.0	0.004404080558	0.01024871629	-0.0207425847
926.0	0.03581230511	-0.01789071755	0.1189913341	0.0	0.004420170887	0.01025420761	-0.0207548125
927.0	0.0358351125	-0.01790230156	0.1190599376	0.0	0.00443625063	0.0102596919	-0.02076702017
928.0	0.03585789371	-0.01791387253	0.1191284502	0.0	0.004452319773	0.01026516915	-0.02077920774
929.0	0.03588064879	-0.01792543045	0.1191968722	0.0	0.004468378299	0.01027063938	-0.02079137527
930.0	0.03590337777	-0.01793697535	0.1192652036	0.0	0.004484426195	0.01027610259	-0.02080352279
931.0	0.03592608066	-0.01794850724	0.1193334446	0.0	0.004500463445	0.0102815588	-0.02081565035
932.0	0.0359487575	-0.01796002613	0.1194015953	0.0	0.004516490034	0.01028700802	-0.020827758
933.0	0.03597140833	-0.01797153204	0.119469656	0.0	0.00453250595	0.01029245026	-0.02083984578
934.0	0.03599403316	-0.01798302498	0.1195376266	0.0	0.004548511177	0.01029788551	-0.02085191372
935.0	0.03601663203	-0.01799450496	0.1196055074	0.0	0.004564505702	0.0103033138	-0.02086396189
936.0	0.03603920497	-0.01800597199	0.1196732986	0.0	0.004580489512	0.01030873514	-0.02087599031
937.0	0.036061752	-0.0180174261	0.1197410001	0.0	0.004596462593	0.01031414952	-0.02088799904
938.0	0.03608427315	-0.01802886729	0.1198086123	0.0	0.004612424933	0.01031955696	-0.02089998811
939.0	0.03610676846	-0.01804029558	0.1198761352	0.0	0.004628376518	0.01032495748	-0.02091195757
940.0	0.03612923794	-0.01805171098	0.119943569	0.0	0.004644317336	0.01033035107	-0.02092390746
941.0	0.03615168164	-0.01806311351	0.1200109138	0.0	0.004660247374	0.01033573774	-0.02093583783
942.0	0.03617409957	-0.01807450317	0.1200781697	0.0	0.004676166621	0.01034111751	-0.02094774871
943.0	0.03619649178	-0.01808587999	0.120145337	0.0	0.004692075064	0.01034649039	-0.02095964016
944.0	0.03621885827	-0.01809724397	0.1202124156	0.0	0.004707972691	0.01035185638	-0.02097151221
945.0	0.0362411991	-0.01810859513	0.1202794059	0.0	0.004723859491	0.01035721549	-0.0209833649
946.0	0.03626351427	-0.01811993348	0.1203463079	0.0	0.004739735453	0.01036256773	-0.02099519829
947.0	0.03628580383	-0.01813125904	0.1204131217	0.0	0.004755600565	0.0103679131	-0.0210070124
948.0	0.0363080678	-0.01814257181	0.1204798475	0.0	0.004771454815	0.01037325163	-0.02101880729
949.0	0.0363303062	-0.01815387182	0.1205464855	0.0	0.004787298194	0.01037858331	-0.021030583
950.0	0.03635251908	-0.01816515907	0.1206130357	0.0	0.00480313069	0.01038390815	-0.02104233956
951.0	0.03637470645	-0.01817643358	0.1206794984	0.0	0.004818952292	0.01038922617	-0.02105407702
952.0	0.03639686835	-0.01818769536	0.1207458736	0.0	0.00483476299	0.01039453737	-0.02106579542
953.0	0.0364190048	-0.01819894443	0.1208121615	0.0	0.004850562774	0.01039984176	-0.0210774948
954.0	0.03644111583	-0.01821018079	0.1208783622	0.0	0.004866351633	0.01040513935	-0.02108917521
955.0	0.03646320148	-0.01822140447	0.1209444758	0.0	0.004882129557	0.01041043014	-0.02110083668
956.0	0.03648526177	-0.01823261547	0.1210105026	0.0	0.004897896537	0.01041571415	-0.02111247926
957.0	0.03650729672	-0.0182438138	0.1210764425	0.0	0.004913652561	0.01042099139	-0.02112410299
958.0	0.03652930637	-0.01825499949	0.1211422959	0.0	0.004929397622	0.01042626186	-0.02113570791
959.0	0.03655129075	-0.01826617254	0.1212080627	0.0	0.004945131708	0.01043152557	-0.02114729405
960.0	0.03657324989	-0.01827733297	0.1212737432	0.0	0.004960854811	0.01043678253	-0.02115886147
961.0	0.03659518381	-0.01828848079	0.1213393375	0.0	0.00497656692	0.01044203275	-0.0211704102
962.0	0.03661709254	-0.01829961601	0.1214048457	0.0	0.004992268027	0.01044727624	-0.02118194028
963.0	0.03663897611	-0.01831073864	0.1214702679	0.0	0.005007958122	0.010452513	-0.02119345175
964.0	0.03666083455	-0.01832184871	0.1215356043	0.0	0.005023637197	0.01045774305	-0.02120494465
965.0	0.03668266789	-0.01833294622	0.121600855	0.0	0.005039305241	0.0104629664	-0.02121641903
966.0	0.03670447615	-0.01834403118	0.1216660201	0.0	0.005054962246	0.01046818305	-0.02122787492
967.0	0.03672625938	-0.01835510361	0.1217310999	0.0	0.005070608203	0.01047339301	-0.02123931236
968.0	0.03674801758	-0.01836616353	0.1217960943	0.0	0.005086243103	0.01047859629	-0.02125073139
969.0	0.0367697508	-0.01837721094	0.1218610036	0.0	0.005101866937	0.01048379291	-0.02126213205
970.0	0.03679145906	-0.01838824585	0.1219258279	0.0	0.005117479696	0.01048898286	-0.02127351438
971.0	0.0368131424	-0.01839926829	0.1219905673	0.0	0.005133081372	0.01049416616	-0.02128487842
972.0	0.03683480083	-0.01841027827	0.1220552219	0.0	0.005148671957	0.01049934282	-0.02129622421
973.0	0.03685643438	-0.01842127579	0.1221197919	0.0	0.005164251441	0.01050451284	-0.02130755179
974.0	0.0368780431	-0.01843226087	0.1221842775	0.0	0.005179819815	0.01050967624	-0.02131886119
975.0	0.036899627	-0.01844323352	0.1222486786	0.0	0.005195377072	0.01051483302	-0.02133015246
976.0	0.03692118611	-0.01845419376	0.1223129956	0.0	0.005210923203	0.0105199832	-0.02134142563
977.0	0.03694272047	-0.0184651416	0.1223772284	0.0	0.0052264582	0.01052512678	-0.02135268075
978.0	0.0369642301	-0.01847607706	0.1224413773	0.0	0.005241982053	0.01053026377	-0.02136391784
979.0	0.03698571502	-0.01848700014	0.1225054423	0.0	0.005257494756	0.01053539418	-0.02137513696
980.0	0.03700717528	-0.01849791086	0.1225694237	0.0	0.005272996299	0.01054051803	-0.02138633813
981.0	0.03702861089	-0.01850880924	0.1226333215	0.0	0.005288486674	0.01054563531	-0.02139752139
982.0	0.03705002188	-0.01851969528	0.1226971358	0.0	0.005303965873	0.01055074604	-0.02140868679
983.0	0.03707140829	-0.01853056899	0.1227608668	0.0	0.005319433887	0.01055585024	-0.02141983435
984.0	0.03709277015	-0.01854143041	0.1228245147	0.0	0.00533489071	0.0105609479	-0.02143096413
985.0	0.03711410747	-0.01855227952	0.1228880794	0.0	0.005350336332	0.01056603904	-0.02144207615
986.0	0.03713542029	-0.01856311636	0.1229515613	0.0	0.005365770745	0.01057112366	-0.02145317044
987.0	0.03715670864	-0.01857394093	0.1230149604	0.0	0.005381193941	0.01057620178	-0.02146424706
988.0	0.03717797255	-0.01858475324	0.1230782768	0.0	0.005396605912	0.01058127341	-0.02147530604
989.0	0.03719921204	-0.01859555331	0.1231415106	0.0	0.005412006651	0.01058633856	-0.0214863474
990.0	0.03722042714	-0.01860634116	0.1232046621	0.0	0.005427396148	0.01059139723	-0.0214973712
991.0	0.03724161788	-0.01861711678	0.1232677313	0.0	0.005442774396	0.01059644944	-0.02150837746
992.0	0.0372627843	-0.01862788021	0.1233307183	0.0	0.005458141388	0.01060149519	-0.02151936622
993.0	0.03728392641	-0.01863863145	0.1233936233	0.0	0.005473497114	0.0106065345	-0.02153033752
994.0	0.03730504425	-0.01864937051	0.1234564464	0.0	0.005488841568	0.01061156737	-0.0215412914
995.0	0.03732613784	-0.01866009742	0.1235191878	0.0	0.005504174741	0.01061659382	-0.02155222789
996.0	0.03734720722	-0.01867081217	0.1235818475	0.0	0.005519496625	0.01062161385	-0.02156314702
997.0	0.0373682524	-0.01868151479	0.1236444256	0.0	0.005534807212	0.01062662747	-0.02157404884
998.0	0.03738927343	-0.01869220528	0.1237069224	0.0	0.005550106495	0.0106316347	-0.02158493337
999.0	0.03741027032	-0.01870288367	0.123769338	0.0	0.005565394466	0.01063663554	-0.02159580066
1000.0	0.03743124311	-0.01871354996	0.1238316723	0.0	0.005580671117	0.01064163001	-0.02160665074
