# (1)t	# (2) P[2<--1](t)	# (3) P[2<--2](t)	# (4) P[2<--3](t)	# (5) P[2<--4](t)	# (6) P[2<--5](t)	# (7) P[2<--6](t)	# (8) P[2<--7](t)
0.0	0.0	0.0	0.0	0.0	0.0	0.0	0.0
1.0	0.0002727038376	0.0	-6.953862972e-9	2.789849664e-10	-4.230065043e-11	-1.428569021e-9	8.932428826e-11
2.0	0.001089817007	0.0	-6.942766427e-8	2.78608026e-9	-4.223183602e-10	-1.426357076e-8	8.917904548e-10
3.0	0.002448462697	0.0	-3.117358999e-7	1.251504038e-8	-1.89619044e-9	-6.404940538e-8	4.004336339e-9
4.0	0.004344042176	0.0	-9.39383297e-7	3.773686799e-8	-5.713822408e-9	-1.930268292e-7	1.206797726e-8
5.0	0.006770308003	0.0	-2.236652244e-6	8.992937194e-8	-1.360419214e-8	-4.596578059e-7	2.873964879e-8
6.0	0.009719433813	0.0	-4.563357835e-6	1.836860521e-7	-2.775563422e-8	-9.37987594e-7	5.865563877e-8
7.0	0.01318208524	0.0	-8.350838876e-6	3.366069451e-7	-5.079150772e-8	-1.71685729e-6	1.073877624e-7
8.0	0.01714749346	0.0	-1.409725761e-5	5.691737556e-7	-8.574166716e-8	-2.89898068e-6	1.813933484e-7
9.0	0.0216035316	0.0	-2.236228486e-5	9.046113845e-7	-1.360101736e-7	-4.599899863e-6	2.879600407e-7
10.0	0.02653679392	0.0	-3.37612505e-5	1.368737779e-6	-2.053396984e-7	-6.946834637e-6	4.35146364e-7
11.0	0.03193267734	0.0	-4.895884135e-5	1.989803864e-6	-2.977730832e-7	-1.0077441e-5	6.317189416e-7
12.0	0.03777546491	0.0	-6.866242973e-5	2.798325145e-6	-4.176125269e-7	-1.413849424e-5	8.870871863e-7
13.0	0.04404841073	0.0	-9.361511443e-5	3.82690637e-6	-5.693768614e-7	-1.928451193e-5	1.211236213e-6
14.0	0.05073382584	0.0	-0.0001245885585	5.110060557e-6	-7.577573956e-7	-2.567633238e-5	1.614658674e-6
15.0	0.05781316463	0.0	-0.0001623757024	6.684023478e-6	-9.875727818e-7	-3.347966347e-5	2.108286109e-6
16.0	0.06526711127	0.0	-0.0002077834303	8.586564527e-6	-1.263723343e-6	-4.2863616e-5	2.703420377e-6
17.0	0.07307566589	0.0	-0.0002616252638	1.085679489e-5	-1.591145307e-6	-5.399923601e-5	3.411665613e-6
18.0	0.08121822992	0.0	-0.0003247141568	1.353497371e-5	-1.974765372e-6	-6.705804936e-5	4.244861169e-6
19.0	0.08967369047	0.0	-0.000397855449	1.666231278e-5	-2.419455947e-6	-8.221063004e-5	5.215015824e-6
20.0	0.09842050314	0.0	-0.0004818400478	2.028078052e-5	-2.929991505e-6	-9.96252052e-5	6.334243602e-6
21.0	0.1074367732	0.0	-0.0005774378918	2.443290551e-5	-3.511006358e-6	-0.0001194663073	7.614701426e-6
22.0	0.116700335	0.0	-0.0006853917414	2.916158017e-5	-4.166954164e-6	-0.0001418934822	9.068528767e-6
23.0	0.1261888285	0.0	-0.0008064113465	3.450986475e-5	-4.902069476e-6	-0.0001670600635	1.070778946e-5
24.0	0.1358797743	0.0	-0.0009411680267	4.052079229e-5	-5.72033158e-6	-0.0001951120197	1.25444158e-5
25.0	0.145750645	0.0	-0.001090289696	4.723717459e-5	-6.625430855e-6	-0.0002261868814	1.459015489e-5
26.0	0.155778935	0.0	-0.001254356359	5.470140971e-5	-7.620737839e-6	-0.0002604127546	1.685651752e-5
27.0	0.1659422261	0.0	-0.001433896103	6.295529138e-5	-8.709275196e-6	-0.000297907424	1.935472926e-5
28.0	0.1762182511	0.0	-0.00162938159	7.203982044e-5	-9.893692683e-6	-0.0003387775511	2.209568408e-5
29.0	0.1865849534	0.0	-0.001841227072	8.199501901e-5	-1.117624525e-5	-0.000383117969	2.508990028e-5
30.0	0.1970205445	0.0	-0.002069785928	9.285974755e-5	-1.255877435e-5	-0.0004310110757	2.834747881e-5
31.0	0.2075035572	0.0	-0.002315348711	0.0001046715254	-1.404269245e-5	-0.0004825263285	3.187806391e-5
32.0	0.218012896	0.0	-0.002578141722	0.0001174663551	-1.562897085e-5	-0.0005377198365	3.569080602e-5
33.0	0.2285278847	0.0	-0.002858326083	0.0001312785514	-1.731813074e-5	-0.0005966340538	3.979432695e-5
34.0	0.2390283095	0.0	-0.003155997299	0.0001461405746	-1.911023749e-5	-0.0006592975695	4.419668728e-5
35.0	0.2494944603	0.0	-0.003471185298	0.0001620828702	-2.100489802e-5	-0.000725724994	4.890535591e-5
36.0	0.2599071676	0.0	-0.003803854924	0.000179133714	-2.300126141e-5	-0.0007959169378	5.392718181e-5
37.0	0.2702478371	0.0	-0.004153906858	0.000197319064	-2.509802233e-5	-0.0008698600796	5.926836788e-5
38.0	0.2804984806	0.0	-0.004521178946	0.00021666242	-2.729342745e-5	-0.0009475273211	6.493444693e-5
39.0	0.2906417437	0.0	-0.004905447902	0.0002371846905	-2.958528454e-5	-0.001028878022	7.093025975e-5
40.0	0.3006609316	0.0	-0.00530643136	0.0002589040689	-3.197097414e-5	-0.001113858313	7.725993539e-5
41.0	0.3105400305	0.0	-0.005723790244	0.0002818359188	-3.444746367e-5	-0.00120240148	8.39268734e-5
42.0	0.3202637273	0.0	-0.006157131421	0.0003059926683	-3.701132382e-5	-0.001294428414	9.093372836e-5
43.0	0.3298174258	0.0	-0.006606010607	0.0003313837164	-3.965874694e-5	-0.001389848124	9.828239644e-5
44.0	0.339187261	0.0	-0.007069935499	0.0003580153488	-4.238556737e-5	-0.001488558304	0.0001059740042
45.0	0.3483601101	0.0	-0.00754836909	0.0003858906665	-4.518728347e-5	-0.001590445949	0.0001140088996
46.0	0.3573236013	0.0	-0.008040733144	0.0004150095259	-4.805908105e-5	-0.001695388019	0.0001223866451
47.0	0.3660661208	0.0	-0.008546411796	0.0004453684919	-5.09958582e-5	-0.001803252134	0.0001311060133
48.0	0.3745768164	0.0	-0.009064755244	0.0004769608034	-5.399225119e-5	-0.00191389731	0.0001401649845
49.0	0.3828456001	0.0	-0.00959508351	0.0005097763528	-5.704266116e-5	-0.002027174711	0.0001495607469
50.0	0.390863148	0.0	-0.01013669023	0.0005438016787	-6.01412817e-5	-0.002142928434	0.0001592896991
51.0	0.398620898	0.0	-0.01068884647	0.0005790199728	-6.328212677e-5	-0.002260996303	0.0001693474546
52.0	0.4061110468	0.0	-0.01125080451	0.0006154110999	-6.645905902e-5	-0.00238121067	0.0001797288493
53.0	0.4133265438	0.0	-0.01182180156	0.0006529516332	-6.966581825e-5	-0.002503399228	0.0001904279509
54.0	0.4202610841	0.0	-0.01240106352	0.0006916149025	-7.289604982e-5	-0.002627385823	0.000201438071
55.0	0.4269090999	0.0	-0.01298780849	0.0007313710569	-7.614333288e-5	-0.002752991257	0.0002127517794
56.0	0.4332657504	0.0	-0.01358125035	0.0007721871409	-7.940120821e-5	-0.002880034089	0.0002243609209
57.0	0.4393269102	0.0	-0.01418060209	0.0008140271842	-8.266320563e-5	-0.003008331417	0.0002362566344
58.0	0.4450891565	0.0	-0.01478507907	0.0008568523043	-8.592287065e-5	-0.003137699649	0.0002484293744
59.0	0.4505497554	0.0	-0.01539390215	0.0009006208224	-8.917379052e-5	-0.003267955247	0.000260868935
60.0	0.4557066469	0.0	-0.01600630057	0.0009452883902	-9.240961919e-5	-0.003398915459	0.0002735644753
61.0	0.4605584285	0.0	-0.01662151478	0.0009908081299	-9.562410148e-5	-0.003530399012	0.0002865045483
62.0	0.4651043389	0.0	-0.01723879901	0.001037130784	-9.881109602e-5	-0.003662226781	0.0002996771307
63.0	0.4693442399	0.0	-0.0178574237	0.001084204875	-0.0001019645971	-0.003794222432	0.0003130696551
64.0	0.473278598	0.0	-0.01847667771	0.001131976877	-0.0001050787552	-0.003926213027	0.0003266690444
65.0	0.4769084655	0.0	-0.01909587037	0.001180391392	-0.0001081478962	-0.004058029591	0.0003404617478
66.0	0.4802354603	0.0	-0.01971433335	0.001229391339	-0.0001111665395	-0.004189507647	0.0003544337781
67.0	0.483261746	0.0	-0.02033142227	0.001278918143	-0.0001141294144	-0.004320487715	0.0003685707511
68.0	0.4859900113	0.0	-0.02094651821	0.001328911937	-0.000117031475	-0.004450815768	0.0003828579261
69.0	0.4884234483	0.0	-0.02155902899	0.001379311767	-0.0001198679139	-0.004580343651	0.0003972802476
70.0	0.4905657317	0.0	-0.02216839023	0.001430055797	-0.0001226341747	-0.004708929459	0.0004118223884
71.0	0.4924209965	0.0	-0.02277406632	0.001481081519	-0.0001253259621	-0.004836437881	0.0004264687933
72.0	0.4939938167	0.0	-0.02337555111	0.00153232597	-0.0001279392516	-0.004962740493	0.0004412037236
73.0	0.4952891824	0.0	-0.02397236856	0.001583725941	-0.0001304702968	-0.005087716026	0.0004560113026
74.0	0.4963124782	0.0	-0.02456407305	0.001635218192	-0.0001329156361	-0.005211250581	0.0004708755609
75.0	0.4970694609	0.0	-0.02515024975	0.001686739666	-0.0001352720976	-0.005333237817	0.0004857804827
76.0	0.4975662367	0.0	-0.02573051467	0.001738227694	-0.0001375368024	-0.005453579094	0.0005007100511
77.0	0.4978092396	0.0	-0.02630451466	0.001789620206	-0.0001397071668	-0.005572183585	0.0005156482944
78.0	0.4978052088	0.0	-0.02687192727	0.001840855932	-0.0001417809035	-0.005688968345	0.0005305793317
79.0	0.4975611667	0.0	-0.02743246043	0.001891874599	-0.0001437560213	-0.005803858356	0.0005454874176
80.0	0.4970843971	0.0	-0.02798585216	0.001942617123	-0.0001456308232	-0.00591678653	0.0005603569869
81.0	0.4963824236	0.0	-0.02853186999	0.001993025794	-0.0001474039042	-0.006027693684	0.0005751726981
82.0	0.4954629878	0.0	-0.02907031045	0.002043044456	-0.0001490741474	-0.006136528489	0.0005899194762
83.0	0.4943340283	0.0	-0.02960099839	0.002092618672	-0.0001506407194	-0.006243247379	0.000604582554
84.0	0.4930036598	0.0	-0.03012378622	0.002141695887	-0.0001521030645	-0.00634781445	0.0006191475128
85.0	0.4914801525	0.0	-0.03063855315	0.002190225579	-0.0001534608984	-0.006450201316	0.0006336003207
86.0	0.4897719114	0.0	-0.03114520431	0.002238159399	-0.0001547142007	-0.006550386956	0.0006479273701
87.0	0.4878874574	0.0	-0.03164366982	0.002285451306	-0.0001558632072	-0.006648357528	0.0006621155135
88.0	0.4858354066	0.0	-0.03213390386	0.00233205768	-0.0001569084007	-0.006744106174	0.000676152097
89.0	0.4836244523	0.0	-0.0326158837	0.002377937437	-0.0001578505019	-0.006837632797	0.0006900249922
90.0	0.4812633456	0.0	-0.03308960862	0.002423052121	-0.0001586904597	-0.006928943824	0.0007037226263
91.0	0.4787608778	0.0	-0.03355509896	0.002467365996	-0.0001594294404	-0.007018051961	0.0007172340094
92.0	0.4761258623	0.0	-0.03401239499	0.002510846113	-0.0001600688177	-0.007104975923	0.0007305487607
93.0	0.4733671176	0.0	-0.0344615559	0.002553462377	-0.0001606101608	-0.007189740164	0.0007436571313
94.0	0.4704934507	0.0	-0.03490265871	0.002595187594	-0.0001610552236	-0.007272374587	0.0007565500255
95.0	0.4675136408	0.0	-0.03533579722	0.00263599751	-0.0001614059331	-0.007352914255	0.0007692190194
96.0	0.4644364235	0.0	-0.03576108097	0.002675870839	-0.0001616643772	-0.007431399089	0.0007816563773
97.0	0.4612704761	0.0	-0.03617863416	0.002714789276	-0.0001618327936	-0.007507873561	0.0007938550654
98.0	0.4580244028	0.0	-0.03658859466	0.002752737498	-0.0001619135573	-0.007582386389	0.0008058087638
99.0	0.454706721	0.0	-0.03699111295	0.002789703162	-0.0001619091687	-0.007654990221	0.0008175118749
100.0	0.4513258475	0.0	-0.0373863512	0.002825676883	-0.0001618222425	-0.007725741326	0.0008289595305
101.0	0.4478900859	0.0	-0.03777448223	0.002860652204	-0.000161655495	-0.007794699278	0.0008401475959
102.0	0.4444076145	0.0	-0.03815568861	0.002894625558	-0.000161411733	-0.007861926648	0.000851072672
103.0	0.4408864744	0.0	-0.03853016173	0.00292759622	-0.0001610938423	-0.007927488692	0.0008617320946
104.0	0.4373345585	0.0	-0.03889810095	0.002959566248	-0.0001607047766	-0.00799145305	0.0008721239321
105.0	0.4337596013	0.0	-0.03925971269	0.002990540415	-0.0001602475459	-0.008053889441	0.0008822469802
106.0	0.4301691685	0.0	-0.03961520964	0.003020526138	-0.0001597252068	-0.008114869371	0.0008921007548
107.0	0.426570648	0.0	-0.03996480999	0.003049533391	-0.0001591408509	-0.008174465842	0.0009016854832
108.0	0.4229712413	0.0	-0.04030873663	0.003077574618	-0.0001584975959	-0.00823275307	0.0009110020924
109.0	0.419377955	0.0	-0.04064721645	0.003104664637	-0.0001577985748	-0.008289806212	0.0009200521963
110.0	0.4157975937	0.0	-0.04098047965	0.003130820538	-0.0001570469274	-0.0083457011	0.0009288380803
111.0	0.4122367527	0.0	-0.04130875907	0.003156061574	-0.0001562457908	-0.008400513983	0.000937362685
112.0	0.4087018119	0.0	-0.04163228958	0.003180409049	-0.0001553982908	-0.008454321281	0.0009456295873
113.0	0.4051989295	0.0	-0.04195130744	0.003203886207	-0.0001545075343	-0.008507199347	0.0009536429806
114.0	0.4017340374	0.0	-0.04226604981	0.003226518104	-0.0001535766008	-0.00855922424	0.000961407653
115.0	0.3983128359	0.0	-0.04257675415	0.003248331493	-0.0001526085356	-0.008610471508	0.0009689289649
116.0	0.39494079	0.0	-0.04288365775	0.003269354695	-0.0001516063429	-0.008661015981	0.0009762128245
117.0	0.3916231254	0.0	-0.04318699724	0.003289617472	-0.000150572979	-0.008710931583	0.0009832656626
118.0	0.3883648258	0.0	-0.04348700815	0.003309150903	-0.0001495113468	-0.00876029114	0.0009900944063
119.0	0.38517063	0.0	-0.0437839245	0.003327987251	-0.0001484242898	-0.008809166214	0.0009967064518
120.0	0.3820450302	0.0	-0.04407797836	0.003346159835	-0.0001473145873	-0.008857626941	0.001003109636
121.0	0.37899227	0.0	-0.04436939953	0.003363702906	-0.0001461849497	-0.008905741884	0.001009312209
122.0	0.3760163437	0.0	-0.04465841518	0.003380651512	-0.0001450380139	-0.00895357789	0.001015322803
123.0	0.3731209959	0.0	-0.04494524948	0.003397041378	-0.0001438763398	-0.009001199972	0.001021150403
124.0	0.3703097206	0.0	-0.04523012337	0.003412908779	-0.0001427024071	-0.009048671187	0.001026804318
125.0	0.3675857625	0.0	-0.04551325421	0.003428290417	-0.0001415186115	-0.009096052536	0.001032294147
126.0	0.364952117	0.0	-0.04579485556	0.003443223301	-0.0001403272631	-0.009143402869	0.001037629752
127.0	0.362411532	0.0	-0.04607513689	0.003457744633	-0.0001391305831	-0.009190778808	0.001042821228
128.0	0.3599665091	0.0	-0.04635430341	0.003471891688	-0.0001379307029	-0.009238234667	0.001047878867
129.0	0.3576193058	0.0	-0.0466325558	0.003485701711	-0.000136729662	-0.009285822397	0.001052813131
130.0	0.3553719378	0.0	-0.04691009003	0.003499211804	-0.0001355294072	-0.009333591532	0.001057634622
131.0	0.353226182	0.0	-0.0471870972	0.003512458826	-0.0001343317912	-0.009381589147	0.001062354051
132.0	0.3511835794	0.0	-0.04746376337	0.003525479296	-0.0001331385729	-0.009429859826	0.001066982209
133.0	0.3492454386	0.0	-0.04774026934	0.003538309296	-0.0001319514166	-0.009478445638	0.001071529935
134.0	0.3474128397	0.0	-0.04801679062	0.003550984385	-0.0001307718923	-0.00952738612	0.001076008092
135.0	0.3456866384	0.0	-0.0482934972	0.003563539511	-0.000129601476	-0.009576718272	0.001080427533
136.0	0.34406747	0.0	-0.04857055348	0.003576008933	-0.0001284415503	-0.009626476559	0.001084799081
137.0	0.3425557549	0.0	-0.04884811817	0.003588426147	-0.0001272934054	-0.009676692913	0.001089133494
138.0	0.3411517028	0.0	-0.04912634414	0.003600823815	-0.0001261582399	-0.009727396757	0.001093441447
139.0	0.339855318	0.0	-0.04940537842	0.003613233698	-0.0001250371622	-0.009778615018	0.001097733499
140.0	0.3386664053	0.0	-0.04968536205	0.003625686602	-0.0001239311923	-0.009830372163	0.001102020077
141.0	0.337584575	0.0	-0.04996643004	0.003638212317	-0.0001228412629	-0.009882690224	0.001106311447
142.0	0.3366092493	0.0	-0.05024871133	0.003650839572	-0.0001217682217	-0.009935588848	0.001110617694
143.0	0.3357396677	0.0	-0.05053232871	0.003663595988	-0.000120712833	-0.00998908533	0.001114948701
144.0	0.334974894	0.0	-0.05081739881	0.003676508039	-0.0001196757799	-0.01004319467	0.001119314126
145.0	0.3343138218	0.0	-0.05110403205	0.003689601016	-0.000118657667	-0.01009792962	0.001123723389
146.0	0.3337551816	0.0	-0.05139233264	0.003702899	-0.000117659022	-0.01015330076	0.001128185647
147.0	0.3332975471	0.0	-0.05168239854	0.003716424834	-0.0001166802985	-0.01020931651	0.001132709783
148.0	0.332939342	0.0	-0.05197432149	0.003730200102	-0.0001157218785	-0.01026598326	0.001137304386
149.0	0.3326788471	0.0	-0.05226818697	0.003744245117	-0.000114784075	-0.01032330539	0.00114197774
150.0	0.3325142064	0.0	-0.05256407426	0.003758578902	-0.0001138671345	-0.01038128534	0.001146737807
151.0	0.3324434351	0.0	-0.05286205643	0.003773219188	-0.0001129712396	-0.01043992372	0.001151592219
152.0	0.3324644258	0.0	-0.05316220038	0.003788182407	-0.0001120965123	-0.01049921931	0.001156548264
153.0	0.332574956	0.0	-0.05346456686	0.003803483696	-0.0001112430156	-0.01055916923	0.001161612877
154.0	0.3327726948	0.0	-0.05376921054	0.003819136894	-0.0001104107575	-0.01061976894	0.00116679263
155.0	0.3330552105	0.0	-0.05407618003	0.003835154556	-0.0001095996928	-0.01068101232	0.001172093726
156.0	0.3334199772	0.0	-0.05438551798	0.00385154796	-0.0001088097263	-0.01074289181	0.001177521995
157.0	0.3338643821	0.0	-0.05469726112	0.003868327121	-0.0001080407155	-0.01080539841	0.001183082883
158.0	0.3343857327	0.0	-0.05501144031	0.00388550081	-0.0001072924729	-0.01086852179	0.001188781451
159.0	0.3349812633	0.0	-0.05532808068	0.00390307657	-0.0001065647693	-0.0109322504	0.001194622372
160.0	0.3356481425	0.0	-0.05564720167	0.003921060742	-0.0001058573359	-0.01099657148	0.00120060993
161.0	0.33638348	0.0	-0.05596881716	0.003939458486	-0.0001051698673	-0.01106147118	0.001206748015
162.0	0.337184333	0.0	-0.05629293554	0.003958273809	-0.0001045020236	-0.01112693464	0.001213040127
163.0	0.3380477135	0.0	-0.05661955984	0.003977509596	-0.0001038534333	-0.01119294602	0.001219489375
164.0	0.3389705946	0.0	-0.05694868784	0.003997167638	-0.0001032236956	-0.01125948864	0.00122609848
165.0	0.3399499172	0.0	-0.05728031219	0.004017248667	-0.0001026123825	-0.01132654498	0.001232869775
166.0	0.3409825964	0.0	-0.05761442055	0.004037752388	-0.0001020190418	-0.0113940968	0.001239805212
167.0	0.342065528	0.0	-0.05795099569	0.004058677515	-0.0001014431984	-0.01146212521	0.001246906367
168.0	0.3431955942	0.0	-0.05829001569	0.004080021807	-0.0001008843574	-0.01153061069	0.00125417444
169.0	0.3443696702	0.0	-0.05863145401	0.004101782108	-0.0001003420055	-0.01159953322	0.001261610268
170.0	0.34558463	0.0	-0.0589752797	0.004123954385	-9.981561349e-5	-0.01166887229	0.001269214325
171.0	0.346837352	0.0	-0.05932145752	0.004146533765	-9.930463784e-5	-0.01173860699	0.001276986736
172.0	0.3481247246	0.0	-0.05966994814	0.004169514576	-9.880852286e-5	-0.01180871607	0.001284927279
173.0	0.3494436519	0.0	-0.06002070823	0.004192890389	-9.832670238e-5	-0.011879178	0.0012930354
174.0	0.3507910587	0.0	-0.06037369071	0.00421665406	-9.785860146e-5	-0.011949971	0.001301310217
175.0	0.352163896	0.0	-0.06072884486	0.004240797764	-9.740363806e-5	-0.01202107313	0.001309750531
176.0	0.3535591454	0.0	-0.06108611653	0.004265313044	-9.696122462e-5	-0.01209246232	0.00131835484
177.0	0.3549738244	0.0	-0.0614454483	0.004290190848	-9.653076953e-5	-0.01216411644	0.001327121343
178.0	0.3564049904	0.0	-0.06180677967	0.004315421572	-9.611167853e-5	-0.01223601332	0.001336047959
179.0	0.3578497456	0.0	-0.06217004721	0.004340995097	-9.570335611e-5	-0.01230813081	0.001345132331
180.0	0.359305241	0.0	-0.06253518481	0.004366900834	-9.530520674e-5	-0.01238044684	0.001354371844
181.0	0.3607686802	0.0	-0.06290212379	0.004393127759	-9.491663607e-5	-0.01245293945	0.001363763633
182.0	0.3622373233	0.0	-0.06327079313	0.004419664458	-9.453705207e-5	-0.0125255868	0.001373304597
183.0	0.3637084907	0.0	-0.06364111966	0.004446499161	-9.41658661e-5	-0.01259836726	0.001382991411
184.0	0.3651795663	0.0	-0.06401302821	0.00447361978	-9.38024939e-5	-0.01267125942	0.001392820539
185.0	0.3666480006	0.0	-0.06438644183	0.004501013952	-9.344635649e-5	-0.01274424213	0.001402788248
186.0	0.3681113138	0.0	-0.06476128198	0.004528669069	-9.30968811e-5	-0.0128172945	0.001412890618
187.0	0.3695670986	0.0	-0.06513746869	0.004556572318	-9.275350194e-5	-0.01289039599	0.001423123558
188.0	0.3710130228	0.0	-0.06551492076	0.004584710712	-9.241566096e-5	-0.01296352639	0.001433482817
189.0	0.3724468315	0.0	-0.06589355594	0.004613071129	-9.208280857e-5	-0.01303666586	0.001443963997
190.0	0.3738663494	0.0	-0.06627329113	0.00464164034	-9.175440426e-5	-0.01310979497	0.001454562569
191.0	0.375269483	0.0	-0.06665404251	0.004670405043	-9.14299172e-5	-0.01318289469	0.00146527388
192.0	0.3766542219	0.0	-0.06703572578	0.004699351894	-9.11088268e-5	-0.01325594646	0.001476093173
193.0	0.3780186406	0.0	-0.0674182563	0.004728467537	-9.07906232e-5	-0.01332893216	0.001487015594
194.0	0.3793609001	0.0	-0.06780154925	0.00475773863	-9.047480774e-5	-0.01340183415	0.001498036206
195.0	0.3806792487	0.0	-0.06818551982	0.004787151876	-9.016089335e-5	-0.01347463528	0.001509150002
196.0	0.3819720232	0.0	-0.06857008338	0.004816694048	-8.984840497e-5	-0.01354731893	0.001520351919
197.0	0.3832376499	0.0	-0.0689551556	0.004846352012	-8.953687984e-5	-0.01361986899	0.001531636843
198.0	0.3844746447	0.0	-0.06934065266	0.004876112754	-8.922586784e-5	-0.01369226988	0.001542999631
199.0	0.3856816141	0.0	-0.06972649137	0.004905963403	-8.891493173e-5	-0.01376450658	0.001554435112
200.0	0.3868572551	0.0	-0.07011258931	0.00493589125	-8.860364743e-5	-0.01383656461	0.001565938105
201.0	0.3880003556	0.0	-0.07049886498	0.00496588377	-8.829160418e-5	-0.01390843007	0.001577503429
202.0	0.3891097941	0.0	-0.07088523796	0.004995928642	-8.797840477e-5	-0.01398008963	0.001589125908
203.0	0.3901845393	0.0	-0.07127162902	0.005026013768	-8.766366565e-5	-0.01405153051	0.001600800389
204.0	0.3912236501	0.0	-0.07165796022	0.005056127286	-8.73470171e-5	-0.01412274055	0.001612521747
205.0	0.3922262751	0.0	-0.07204415509	0.005086257591	-8.702810328e-5	-0.01419370813	0.001624284894
206.0	0.3931916513	0.0	-0.0724301387	0.005116393348	-8.67065824e-5	-0.01426442227	0.001636084791
207.0	0.3941191038	0.0	-0.07281583778	0.005146523504	-8.63821267e-5	-0.01433487253	0.001647916455
208.0	0.3950080446	0.0	-0.07320118083	0.005176637303	-8.605442254e-5	-0.01440504908	0.001659774966
209.0	0.3958579716	0.0	-0.07358609821	0.005206724298	-8.57231704e-5	-0.01447494267	0.001671655479
210.0	0.3966684672	0.0	-0.07397052223	0.005236774359	-8.538808492e-5	-0.01454454466	0.001683553227
211.0	0.3974391971	0.0	-0.07435438723	0.005266777685	-8.504889486e-5	-0.01461384696	0.001695463531
212.0	0.3981699084	0.0	-0.07473762969	0.005296724813	-8.470534308e-5	-0.01468284208	0.001707381805
213.0	0.3988604288	0.0	-0.07512018825	0.005326606622	-8.435718652e-5	-0.0147515231	0.001719303565
214.0	0.3995106639	0.0	-0.0755020038	0.005356414344	-8.400419613e-5	-0.01481988369	0.001731224432
215.0	0.4001205962	0.0	-0.07588301957	0.005386139569	-8.36461568e-5	-0.01488791807	0.001743140139
216.0	0.4006902828	0.0	-0.07626318114	0.005415774247	-8.32828673e-5	-0.01495562102	0.001755046536
217.0	0.4012198535	0.0	-0.07664243648	0.005445310695	-8.291414014e-5	-0.01502298789	0.001766939594
218.0	0.4017095086	0.0	-0.07702073605	0.005474741601	-8.253980152e-5	-0.01509001455	0.00177881541
219.0	0.4021595169	0.0	-0.07739803278	0.005504060021	-8.21596912e-5	-0.01515669745	0.001790670213
220.0	0.4025702136	0.0	-0.07777428211	0.005533259387	-8.177366234e-5	-0.01522303352	0.001802500363
221.0	0.4029419976	0.0	-0.07814944202	0.005562333507	-8.138158138e-5	-0.01528902026	0.001814302358
222.0	0.4032753295	0.0	-0.07852347306	0.005591276559	-8.09833279e-5	-0.01535465564	0.001826072836
223.0	0.403570729	0.0	-0.07889633833	0.005620083099	-8.057879446e-5	-0.01541993817	0.001837808576
224.0	0.4038287727	0.0	-0.07926800351	0.005648748053	-8.016788641e-5	-0.01548486682	0.001849506502
225.0	0.4040500912	0.0	-0.07963843685	0.00567726672	-7.975052173e-5	-0.01554944105	0.001861163684
226.0	0.404235367	0.0	-0.08000760918	0.005705634766	-7.932663081e-5	-0.0156136608	0.001872777339
227.0	0.4043853316	0.0	-0.08037549386	0.005733848224	-7.88961563e-5	-0.01567752644	0.001884344832
228.0	0.4045007632	0.0	-0.08074206682	0.005761903486	-7.845905285e-5	-0.01574103881	0.001895863678
229.0	0.4045824837	0.0	-0.0811073065	0.005789797305	-7.801528692e-5	-0.01580419917	0.001907331542
230.0	0.4046313567	0.0	-0.08147119382	0.005817526785	-7.756483657e-5	-0.01586700919	0.001918746237
231.0	0.404648284	0.0	-0.08183371221	0.005845089378	-7.710769117e-5	-0.01592947096	0.001930105727
232.0	0.4046342039	0.0	-0.08219484748	0.00587248288	-7.66438512e-5	-0.01599158696	0.001941408125
233.0	0.4045900879	0.0	-0.08255458788	0.00589970542	-7.617332799e-5	-0.01605336003	0.001952651692
234.0	0.4045169383	0.0	-0.08291292399	0.005926755461	-7.569614344e-5	-0.01611479339	0.001963834837
235.0	0.4044157854	0.0	-0.08326984872	0.005953631787	-7.521232979e-5	-0.0161758906	0.001974956114
236.0	0.4042876854	0.0	-0.08362535722	0.005980333496	-7.472192929e-5	-0.01623665557	0.001986014222
237.0	0.4041337172	0.0	-0.08397944687	0.006006859999	-7.422499395e-5	-0.0162970925	0.001997008004
238.0	0.4039549801	0.0	-0.08433211718	0.006033211003	-7.372158526e-5	-0.01635720593	0.002007936443
239.0	0.4037525914	0.0	-0.08468336977	0.006059386511	-7.321177385e-5	-0.01641700066	0.002018798661
240.0	0.4035276836	0.0	-0.08503320829	0.006085386809	-7.269563923e-5	-0.01647648179	0.002029593916
241.0	0.4032814021	0.0	-0.08538163838	0.006111212459	-7.217326945e-5	-0.01653565466	0.0020403216
242.0	0.403014903	0.0	-0.08572866757	0.006136864288	-7.164476078e-5	-0.01659452487	0.002050981238
243.0	0.40272935	0.0	-0.08607430523	0.006162343383	-7.11102174e-5	-0.01665309823	0.00206157248
244.0	0.4024259128	0.0	-0.08641856251	0.006187651079	-7.056975109e-5	-0.01671138079	0.002072095104
245.0	0.4021057644	0.0	-0.08676145226	0.006212788949	-7.002348084e-5	-0.01676937877	0.002082549008
246.0	0.4017700791	0.0	-0.08710298894	0.006237758798	-6.947153258e-5	-0.01682709861	0.002092934212
247.0	0.40142003	0.0	-0.08744318859	0.00626256265	-6.891403878e-5	-0.01688454688	0.002103250847
248.0	0.4010567871	0.0	-0.08778206872	0.006287202738	-6.835113816e-5	-0.01694173033	0.002113499158
249.0	0.4006815152	0.0	-0.08811964825	0.006311681498	-6.778297528e-5	-0.01699865585	0.002123679498
250.0	0.4002953717	0.0	-0.08845594742	0.006336001555	-6.720970024e-5	-0.01705533044	0.002133792326
251.0	0.3998995051	0.0	-0.08879098772	0.006360165714	-6.663146832e-5	-0.01711176121	0.002143838197
252.0	0.3994950524	0.0	-0.08912479185	0.006384176954	-6.604843957e-5	-0.01716795539	0.002153817766
253.0	0.3990831382	0.0	-0.08945738357	0.006408038412	-6.546077856e-5	-0.01722392025	0.002163731781
254.0	0.3986648719	0.0	-0.08978878769	0.006431753376	-6.48686539e-5	-0.01727966317	0.002173581077
255.0	0.3982413471	0.0	-0.09011902995	0.006455325275	-6.427223799e-5	-0.01733519154	0.002183366573
256.0	0.3978136392	0.0	-0.09044813697	0.006478757671	-6.367170659e-5	-0.01739051283	0.002193089271
257.0	0.3973828042	0.0	-0.09077613617	0.006502054245	-6.306723851e-5	-0.01744563452	0.002202750246
258.0	0.3969498771	0.0	-0.09110305569	0.006525218788	-6.245901523e-5	-0.01750056409	0.002212350649
259.0	0.3965158709	0.0	-0.09142892429	0.006548255195	-6.184722058e-5	-0.01755530903	0.002221891694
260.0	0.3960817748	0.0	-0.09175377135	0.006571167451	-6.123204033e-5	-0.01760987683	0.002231374664
261.0	0.3956485532	0.0	-0.09207762671	0.006593959624	-6.061366193e-5	-0.01766427494	0.002240800899
262.0	0.3952171446	0.0	-0.09240052066	0.006616635855	-5.999227408e-5	-0.01771851078	0.002250171794
263.0	0.3947884605	0.0	-0.09272248385	0.006639200347	-5.936806647e-5	-0.01777259171	0.002259488796
264.0	0.3943633843	0.0	-0.09304354721	0.006661657358	-5.874122938e-5	-0.01782652505	0.0022687534
265.0	0.3939427704	0.0	-0.0933637419	0.006684011191	-5.81119534e-5	-0.01788031804	0.002277967144
266.0	0.3935274435	0.0	-0.09368309925	0.006706266185	-5.74804291e-5	-0.01793397784	0.002287131604
267.0	0.3931181979	0.0	-0.09400165066	0.006728426706	-5.684684668e-5	-0.01798751151	0.002296248392
268.0	0.3927157962	0.0	-0.0943194276	0.006750497141	-5.62113957e-5	-0.01804092604	0.002305319152
269.0	0.3923209696	0.0	-0.09463646146	0.006772481885	-5.557426477e-5	-0.01809422828	0.002314345554
270.0	0.3919344166	0.0	-0.0949527836	0.006794385337	-5.493564122e-5	-0.01814742497	0.002323329292
271.0	0.391556803	0.0	-0.0952684252	0.006816211889	-5.429571088e-5	-0.01820052273	0.00233227208
272.0	0.3911887611	0.0	-0.09558341724	0.00683796592	-5.365465772e-5	-0.01825352804	0.002341175648
273.0	0.3908308899	0.0	-0.09589779048	0.00685965179	-5.301266366e-5	-0.01830644724	0.002350041738
274.0	0.3904837543	0.0	-0.09621157535	0.006881273829	-5.236990823e-5	-0.01835928652	0.002358872101
275.0	0.3901478852	0.0	-0.09652480193	0.006902836331	-5.17265684e-5	-0.01841205191	0.002367668494
276.0	0.3898237794	0.0	-0.09683749992	0.006924343551	-5.108281826e-5	-0.01846474928	0.002376432675
277.0	0.3895118994	0.0	-0.09714969858	0.006945799692	-5.043882885e-5	-0.01851738434	0.002385166403
278.0	0.3892126737	0.0	-0.09746142665	0.006967208905	-4.979476789e-5	-0.01856996261	0.002393871429
279.0	0.3889264965	0.0	-0.09777271239	0.006988575277	-4.91507996e-5	-0.01862248945	0.002402549501
280.0	0.3886537279	0.0	-0.09808358346	0.00700990283	-4.850708449e-5	-0.01867497003	0.002411202352
281.0	0.3883946944	0.0	-0.09839406695	0.007031195515	-4.786377915e-5	-0.01872740931	0.002419831705
282.0	0.3881496889	0.0	-0.09870418931	0.007052457202	-4.722103612e-5	-0.01877981209	0.002428439265
283.0	0.387918971	0.0	-0.0990139763	0.007073691682	-4.657900365e-5	-0.01883218297	0.00243702672
284.0	0.3877027674	0.0	-0.09932345302	0.007094902655	-4.59378256e-5	-0.01888452634	0.002445595733
285.0	0.3875012725	0.0	-0.09963264383	0.007116093732	-4.529764128e-5	-0.01893684639	0.002454147948
286.0	0.3873146486	0.0	-0.09994157235	0.007137268426	-4.465858529e-5	-0.01898914713	0.002462684978
287.0	0.3871430263	0.0	-0.1002502614	0.007158430153	-4.402078744e-5	-0.01904143234	0.002471208411
288.0	0.3869865055	0.0	-0.1005587331	0.007179582222	-4.33843726e-5	-0.01909370561	0.002479719803
289.0	0.3868451557	0.0	-0.1008670086	0.007200727838	-4.274946059e-5	-0.01914597032	0.002488220677
290.0	0.3867190166	0.0	-0.1011751084	0.007221870094	-4.211616616e-5	-0.01919822964	0.002496712522
291.0	0.3866080991	0.0	-0.1014830521	0.007243011971	-4.148459882e-5	-0.01925048656	0.002505196789
292.0	0.3865123854	0.0	-0.1017908583	0.007264156335	-4.085486283e-5	-0.01930274382	0.002513674895
293.0	0.3864318304	0.0	-0.1020985449	0.007285305933	-4.022705713e-5	-0.01935500399	0.002522148212
294.0	0.3863663622	0.0	-0.1024061289	0.007306463396	-3.960127531e-5	-0.01940726941	0.002530618075
295.0	0.3863158828	0.0	-0.1027136263	0.007327631229	-3.897760553e-5	-0.01945954225	0.002539085775
296.0	0.3862802692	0.0	-0.1030210525	0.007348811817	-3.835613053e-5	-0.01951182445	0.002547552558
297.0	0.3862593738	0.0	-0.1033284216	0.007370007422	-3.773692764e-5	-0.01956411776	0.002556019629
298.0	0.386253026	0.0	-0.103635747	0.007391220178	-3.71200687e-5	-0.01961642372	0.002564488143
299.0	0.3862610324	0.0	-0.1039430414	0.007412452095	-3.650562016e-5	-0.01966874371	0.00257295921
300.0	0.3862831781	0.0	-0.1042503163	0.007433705058	-3.589364301e-5	-0.01972107889	0.002581433893
301.0	0.3863192278	0.0	-0.1045575824	0.007454980824	-3.528419288e-5	-0.01977343023	0.002589913205
302.0	0.3863689261	0.0	-0.1048648497	0.007476281025	-3.467732003e-5	-0.01982579852	0.002598398113
303.0	0.3864319993	0.0	-0.1051721269	0.007497607164	-3.407306938e-5	-0.01987818437	0.002606889532
304.0	0.3865081556	0.0	-0.1054794223	0.007518960623	-3.347148064e-5	-0.01993058823	0.002615388329
305.0	0.3865970868	0.0	-0.105786743	0.007540342655	-3.287258827e-5	-0.01998301034	0.002623895319
306.0	0.3866984686	0.0	-0.1060940953	0.007561754391	-3.227642164e-5	-0.02003545079	0.002632411269
307.0	0.3868119622	0.0	-0.1064014849	0.007583196838	-3.168300503e-5	-0.02008790951	0.002640936894
308.0	0.3869372149	0.0	-0.1067089163	0.007604670883	-3.109235779e-5	-0.02014038625	0.002649472861
309.0	0.3870738614	0.0	-0.1070163935	0.007626177291	-3.050449436e-5	-0.02019288063	0.002658019784
310.0	0.3872215243	0.0	-0.1073239195	0.007647716708	-2.991942443e-5	-0.0202453921	0.002666578229
311.0	0.3873798158	0.0	-0.1076314965	0.007669289665	-2.933715302e-5	-0.02029791996	0.002675148711
312.0	0.387548338	0.0	-0.107939126	0.007690896578	-2.875768056e-5	-0.02035046339	0.002683731696
313.0	0.3877266843	0.0	-0.1082468088	0.007712537749	-2.818100309e-5	-0.02040302142	0.002692327601
314.0	0.3879144404	0.0	-0.108554545	0.007734213371	-2.760711228e-5	-0.02045559296	0.002700936795
315.0	0.388111185	0.0	-0.1088623336	0.007755923529	-2.703599564e-5	-0.02050817678	0.002709559598
316.0	0.3883164907	0.0	-0.1091701735	0.007777668201	-2.646763663e-5	-0.02056077153	0.002718196283
317.0	0.3885299255	0.0	-0.1094780624	0.007799447266	-2.590201476e-5	-0.02061337578	0.002726847078
318.0	0.3887510529	0.0	-0.1097859976	0.0078212605	-2.53391058e-5	-0.02066598796	0.002735512164
319.0	0.3889794336	0.0	-0.1100939758	0.007843107583	-2.477888185e-5	-0.0207186064	0.002744191675
320.0	0.3892146258	0.0	-0.110401993	0.007864988101	-2.422131156e-5	-0.02077122935	0.002752885704
321.0	0.3894561864	0.0	-0.1107100446	0.007886901552	-2.366636021e-5	-0.02082385496	0.002761594299
322.0	0.3897036717	0.0	-0.1110181255	0.007908847342	-2.311398994e-5	-0.02087648131	0.002770317468
323.0	0.3899566384	0.0	-0.11132623	0.007930824797	-2.256415983e-5	-0.02092910637	0.002779055175
324.0	0.3902146441	0.0	-0.1116343519	0.00795283316	-2.201682612e-5	-0.02098172807	0.002787807347
325.0	0.3904772484	0.0	-0.1119424846	0.007974871598	-2.147194233e-5	-0.02103434426	0.00279657387
326.0	0.3907440136	0.0	-0.1122506209	0.007996939202	-2.092945943e-5	-0.02108695274	0.002805354593
327.0	0.3910145053	0.0	-0.1125587533	0.008019034996	-2.038932601e-5	-0.02113955123	0.002814149329
328.0	0.3912882931	0.0	-0.1128668738	0.008041157934	-1.985148844e-5	-0.02119213742	0.002822957856
329.0	0.3915649517	0.0	-0.113174974	0.008063306909	-1.931589103e-5	-0.02124470896	0.002831779917
330.0	0.3918440609	0.0	-0.1134830452	0.008085480753	-1.878247619e-5	-0.02129726345	0.002840615225
331.0	0.3921252068	0.0	-0.1137910783	0.008107678245	-1.825118457e-5	-0.02134979847	0.002849463458
332.0	0.3924079821	0.0	-0.1140990639	0.008129898108	-1.772195527e-5	-0.02140231157	0.002858324268
333.0	0.3926919869	0.0	-0.1144069925	0.008152139019	-1.719472597e-5	-0.02145480026	0.002867197276
334.0	0.392976829	0.0	-0.1147148539	0.00817439961	-1.666943306e-5	-0.02150726206	0.002876082078
335.0	0.3932621246	0.0	-0.1150226382	0.00819667847	-1.614601186e-5	-0.02155969446	0.002884978242
336.0	0.3935474988	0.0	-0.1153303349	0.008218974154	-1.562439672e-5	-0.02161209495	0.002893885314
337.0	0.393832586	0.0	-0.1156379335	0.008241285178	-1.510452121e-5	-0.02166446104	0.002902802816
338.0	0.3941170303	0.0	-0.1159454233	0.008263610033	-1.458631823e-5	-0.0217167902	0.002911730249
339.0	0.3944004859	0.0	-0.1162527933	0.008285947179	-1.406972021e-5	-0.02176907995	0.002920667095
340.0	0.3946826179	0.0	-0.1165600327	0.008308295055	-1.355465921e-5	-0.02182132779	0.002929612817
341.0	0.3949631018	0.0	-0.1168671304	0.008330652079	-1.304106707e-5	-0.02187353127	0.002938566859
342.0	0.3952416247	0.0	-0.1171740753	0.008353016654	-1.252887557e-5	-0.02192568793	0.002947528654
343.0	0.3955178851	0.0	-0.1174808562	0.008375387167	-1.201801655e-5	-0.02197779536	0.002956497616
344.0	0.3957915931	0.0	-0.117787462	0.008397761999	-1.150842203e-5	-0.02202985116	0.00296547315
345.0	0.3960624712	0.0	-0.1180938814	0.008420139522	-1.100002436e-5	-0.02208185298	0.002974454647
346.0	0.3963302536	0.0	-0.1184001033	0.008442518105	-1.049275634e-5	-0.0221337985	0.002983441491
347.0	0.3965946874	0.0	-0.1187061165	0.008464896118	-9.986551309e-6	-0.02218568544	0.002992433054
348.0	0.396855532	0.0	-0.1190119101	0.008487271931	-9.481343313e-6	-0.02223751157	0.003001428703
349.0	0.3971125595	0.0	-0.119317473	0.008509643922	-8.977067171e-6	-0.02228927469	0.003010427799
350.0	0.3973655548	0.0	-0.1196227943	0.008532010477	-8.473658601e-6	-0.02234097268	0.003019429699
351.0	0.3976143155	0.0	-0.1199278633	0.008554369993	-7.971054321e-6	-0.02239260344	0.003028433755
352.0	0.3978586525	0.0	-0.1202326693	0.008576720882	-7.469192143e-6	-0.02244416495	0.003037439318
353.0	0.3980983891	0.0	-0.1205372019	0.00859906157	-6.96801107e-6	-0.02249565524	0.003046445738
354.0	0.3983333619	0.0	-0.1208414508	0.008621390504	-6.467451377e-6	-0.0225470724	0.003055452365
355.0	0.3985634203	0.0	-0.1211454058	0.008643706153	-5.967454703e-6	-0.02259841458	0.003064458553
356.0	0.3987884264	0.0	-0.121449057	0.008666007008	-5.467964122e-6	-0.02264968	0.003073463656
357.0	0.3990082552	0.0	-0.1217523946	0.008688291587	-4.968924221e-6	-0.02270086694	0.003082467032
358.0	0.3992227945	0.0	-0.1220554092	0.008710558435	-4.470281166e-6	-0.02275197376	0.003091468046
359.0	0.3994319443	0.0	-0.1223580915	0.008732806129	-3.971982768e-6	-0.02280299887	0.003100466067
360.0	0.3996356173	0.0	-0.1226604325	0.008755033275	-3.473978538e-6	-0.02285394077	0.003109460471
361.0	0.3998337385	0.0	-0.1229624235	0.008777238515	-2.976219746e-6	-0.02290479803	0.003118450644
362.0	0.4000262449	0.0	-0.1232640559	0.008799420525	-2.478659465e-6	-0.02295556929	0.003127435978
363.0	0.4002130854	0.0	-0.1235653215	0.008821578019	-1.981252618e-6	-0.02300625324	0.003136415876
364.0	0.4003942206	0.0	-0.1238662124	0.008843709748	-1.483956019e-6	-0.0230568487	0.003145389753
365.0	0.4005696226	0.0	-0.124166721	0.008865814504	-9.867284008e-7	-0.0231073545	0.003154357033
366.0	0.4007392749	0.0	-0.12446684	0.008887891119	-4.895304538e-7	-0.0231577696	0.003163317154
367.0	0.4009031716	0.0	-0.1247665624	0.008909938467	7.675154957e-9	-0.02320809301	0.003172269565
368.0	0.4010613179	0.0	-0.1250658813	0.008931955466	5.049237589e-7	-0.02325832381	0.00318121373
369.0	0.4012137293	0.0	-0.1253647906	0.008953941078	1.002248676e-6	-0.02330846118	0.003190149127
370.0	0.4013604313	0.0	-0.125663284	0.008975894308	1.499681195e-6	-0.02335850434	0.003199075248
371.0	0.4015014594	0.0	-0.125961356	0.008997814209	1.997250574e-6	-0.02340845263	0.003207991602
372.0	0.4016368587	0.0	-0.126259001	0.009019699879	2.494984027e-6	-0.02345830542	0.003216897712
373.0	0.4017666832	0.0	-0.126556214	0.009041550463	2.992906735e-6	-0.02350806219	0.003225793117
374.0	0.401890996	0.0	-0.1268529903	0.009063365153	3.491041843e-6	-0.02355772248	0.003234677376
375.0	0.4020098687	0.0	-0.1271493255	0.00908514319	3.989410474e-6	-0.02360728589	0.003243550062
376.0	0.402123381	0.0	-0.1274452155	0.009106883859	4.488031738e-6	-0.02365675211	0.003252410766
377.0	0.4022316204	0.0	-0.1277406566	0.009128586496	4.986922747e-6	-0.0237061209	0.003261259098
378.0	0.402334682	0.0	-0.1280356454	0.009150250485	5.486098638e-6	-0.02375539207	0.003270094685
379.0	0.4024326678	0.0	-0.1283301788	0.009171875256	5.985572596e-6	-0.02380456552	0.003278917172
380.0	0.4025256867	0.0	-0.1286242541	0.009193460287	6.485355875e-6	-0.02385364121	0.003287726225
381.0	0.4026138539	0.0	-0.1289178689	0.009215005106	6.985457831e-6	-0.02390261917	0.003296521526
382.0	0.4026972904	0.0	-0.1292110212	0.009236509285	7.485885953e-6	-0.02395149948	0.003305302776
383.0	0.4027761232	0.0	-0.1295037091	0.009257972444	7.986645901e-6	-0.0240002823	0.003314069696
384.0	0.4028504841	0.0	-0.1297959313	0.00927939425	8.487741537e-6	-0.02404896783	0.003322822025
385.0	0.4029205099	0.0	-0.1300876865	0.009300774415	8.98917497e-6	-0.02409755635	0.003331559522
386.0	0.4029863421	0.0	-0.130378974	0.009322112697	9.490946597e-6	-0.02414604818	0.003340281963
387.0	0.403048126	0.0	-0.1306697933	0.009343408898	9.993055149e-6	-0.02419444372	0.003348989145
388.0	0.4031060107	0.0	-0.1309601441	0.009364662864	1.049549773e-5	-0.02424274339	0.003357680881
389.0	0.4031601487	0.0	-0.1312500265	0.009385874484	1.099826989e-5	-0.02429094769	0.003366357005
390.0	0.4032106955	0.0	-0.1315394408	0.009407043689	1.150136563e-5	-0.02433905716	0.003375017369
391.0	0.4032578093	0.0	-0.1318283876	0.009428170451	1.200477751e-5	-0.02438707237	0.003383661843
392.0	0.4033016503	0.0	-0.1321168679	0.009449254784	1.250849664e-5	-0.02443499397	0.003392290313
393.0	0.4033423809	0.0	-0.1324048828	0.009470296739	1.301251281e-5	-0.02448282262	0.003400902685
394.0	0.4033801649	0.0	-0.1326924337	0.009491296407	1.351681447e-5	-0.02453055904	0.003409498883
395.0	0.4034151675	0.0	-0.1329795221	0.009512253915	1.402138884e-5	-0.02457820398	0.003418078847
396.0	0.4034475544	0.0	-0.1332661501	0.009533169426	1.452622194e-5	-0.02462575825	0.003426642532
397.0	0.4034774924	0.0	-0.1335523196	0.009554043138	1.503129867e-5	-0.02467322265	0.003435189914
398.0	0.403505148	0.0	-0.133838033	0.009574875284	1.553660285e-5	-0.02472059805	0.003443720981
399.0	0.4035306881	0.0	-0.1341232929	0.009595666126	1.604211728e-5	-0.02476788534	0.00345223574
400.0	0.4035542788	0.0	-0.1344081019	0.009616415959	1.654782383e-5	-0.02481508543	0.00346073421
401.0	0.4035760858	0.0	-0.1346924629	0.009637125109	1.705370347e-5	-0.02486219926	0.003469216427
402.0	0.4035962737	0.0	-0.1349763791	0.009657793929	1.755973631e-5	-0.02490922781	0.003477682442
403.0	0.4036150059	0.0	-0.1352598537	0.009678422797	1.806590174e-5	-0.02495617205	0.003486132318
404.0	0.4036324441	0.0	-0.13554289	0.009699012121	1.857217841e-5	-0.02500303298	0.003494566134
405.0	0.4036487486	0.0	-0.1358254918	0.009719562329	1.907854432e-5	-0.02504981164	0.00350298398
406.0	0.4036640773	0.0	-0.1361076626	0.009740073874	1.95849769e-5	-0.02509650907	0.00351138596
407.0	0.403678586	0.0	-0.1363894064	0.009760547232	2.009145302e-5	-0.0251431263	0.003519772188
408.0	0.4036924279	0.0	-0.136670727	0.009780982896	2.059794911e-5	-0.0251896644	0.003528142793
409.0	0.4037057536	0.0	-0.1369516286	0.009801381379	2.110444116e-5	-0.02523612444	0.003536497912
410.0	0.4037187107	0.0	-0.1372321152	0.009821743211	2.161090483e-5	-0.0252825075	0.003544837694
411.0	0.4037314435	0.0	-0.1375121913	0.009842068939	2.211731548e-5	-0.02532881466	0.003553162296
412.0	0.4037440934	0.0	-0.137791861	0.009862359124	2.262364819e-5	-0.025375047	0.003561471887
413.0	0.4037567978	0.0	-0.1380711289	0.009882614338	2.312987791e-5	-0.02542120561	0.003569766645
414.0	0.4037696908	0.0	-0.1383499993	0.009902835168	2.36359794e-5	-0.02546729157	0.003578046752
415.0	0.4037829025	0.0	-0.1386284769	0.00992302221	2.414192739e-5	-0.02551330596	0.003586312404
416.0	0.4037965591	0.0	-0.1389065661	0.009943176067	2.464769653e-5	-0.02555924986	0.003594563799
417.0	0.4038107828	0.0	-0.1391842717	0.009963297353	2.515326152e-5	-0.02560512434	0.003602801144
418.0	0.4038256913	0.0	-0.1394615982	0.009983386687	2.565859714e-5	-0.02565093047	0.003611024652
419.0	0.4038413983	0.0	-0.1397385502	0.01000344469	2.616367824e-5	-0.02569666929	0.003619234542
420.0	0.4038580128	0.0	-0.1400151325	0.010023472	2.666847988e-5	-0.02574234186	0.003627431037
421.0	0.4038756394	0.0	-0.1402913496	0.01004346923	2.717297729e-5	-0.0257879492	0.003635614364
422.0	0.4038943783	0.0	-0.1405672063	0.01006343703	2.767714596e-5	-0.02583349233	0.003643784756
423.0	0.4039143245	0.0	-0.1408427072	0.01008337601	2.818096169e-5	-0.02587897226	0.003651942447
424.0	0.4039355689	0.0	-0.1411178569	0.01010328682	2.868440057e-5	-0.02592438997	0.003660087676
425.0	0.4039581971	0.0	-0.14139266	0.01012317009	2.918743909e-5	-0.02596974643	0.003668220684
426.0	0.4039822903	0.0	-0.1416671209	0.01014302643	2.969005413e-5	-0.02601504259	0.003676341713
427.0	0.4040079245	0.0	-0.1419412443	0.01016285647	3.019222299e-5	-0.02606027939	0.003684451006
428.0	0.4040351711	0.0	-0.1422150345	0.01018266083	3.069392347e-5	-0.02610545773	0.003692548809
429.0	0.4040640966	0.0	-0.142488496	0.01020244011	3.119513384e-5	-0.0261505785	0.003700635365
430.0	0.4040947625	0.0	-0.1427616331	0.01022219492	3.169583294e-5	-0.02619564257	0.003708710922
431.0	0.4041272255	0.0	-0.14303445	0.01024192585	3.219600011e-5	-0.02624065079	0.003716775722
432.0	0.4041615376	0.0	-0.143306951	0.01026163349	3.269561533e-5	-0.02628560397	0.003724830011
433.0	0.4041977457	0.0	-0.1435791401	0.0102813184	3.319465915e-5	-0.02633050291	0.003732874029
434.0	0.4042358921	0.0	-0.1438510213	0.01030098117	3.369311277e-5	-0.02637534838	0.003740908019
435.0	0.4042760144	0.0	-0.1441225986	0.01032062234	3.4190958e-5	-0.02642014112	0.003748932217
436.0	0.4043181455	0.0	-0.1443938757	0.01034024244	3.468817737e-5	-0.02646488185	0.003756946861
437.0	0.4043623135	0.0	-0.1446648565	0.01035984202	3.518475406e-5	-0.02650957126	0.003764952182
438.0	0.4044085422	0.0	-0.1449355446	0.01037942158	3.568067195e-5	-0.02655421001	0.003772948411
439.0	0.4044568506	0.0	-0.1452059435	0.01039898163	3.617591564e-5	-0.02659879874	0.003780935774
440.0	0.4045072535	0.0	-0.1454760566	0.01041852264	3.667047046e-5	-0.02664333805	0.003788914493
441.0	0.4045597614	0.0	-0.1457458871	0.01043804511	3.716432246e-5	-0.02668782853	0.003796884785
442.0	0.4046143803	0.0	-0.1460154384	0.01045754947	3.765745843e-5	-0.02673227073	0.003804846865
443.0	0.4046711123	0.0	-0.1462847134	0.01047703616	3.814986591e-5	-0.02677666516	0.00381280094
444.0	0.4047299555	0.0	-0.1465537152	0.01049650562	3.864153322e-5	-0.02682101233	0.003820747214
445.0	0.4047909037	0.0	-0.1468224464	0.01051595825	3.91324494e-5	-0.0268653127	0.003828685886
446.0	0.4048539473	0.0	-0.14709091	0.01053539444	3.962260426e-5	-0.02690956671	0.003836617148
447.0	0.4049190727	0.0	-0.1473591083	0.01055481455	4.011198838e-5	-0.02695377477	0.003844541186
448.0	0.4049862628	0.0	-0.1476270439	0.01057421895	4.060059309e-5	-0.02699793726	0.003852458181
449.0	0.4050554969	0.0	-0.1478947191	0.01059360797	4.108841047e-5	-0.02704205453	0.003860368309
450.0	0.4051267513	0.0	-0.1481621361	0.01061298193	4.157543337e-5	-0.02708612691	0.003868271738
451.0	0.4051999986	0.0	-0.148429297	0.01063234114	4.206165537e-5	-0.0271301547	0.003876168629
452.0	0.4052752087	0.0	-0.1486962038	0.01065168586	4.25470708e-5	-0.02717413818	0.003884059138
453.0	0.4053523483	0.0	-0.1489628581	0.01067101638	4.303167471e-5	-0.02721807758	0.003891943414
454.0	0.4054313815	0.0	-0.1492292618	0.01069033294	4.35154629e-5	-0.02726197313	0.003899821598
455.0	0.4055122694	0.0	-0.1494954164	0.01070963576	4.399843186e-5	-0.02730582501	0.003907693826
456.0	0.405594971	0.0	-0.1497613233	0.01072892505	4.448057879e-5	-0.02734963341	0.003915560225
457.0	0.4056794424	0.0	-0.1500269839	0.01074820102	4.49619016e-5	-0.02739339846	0.003923420917
458.0	0.4057656377	0.0	-0.1502923993	0.01076746383	4.544239885e-5	-0.02743712029	0.003931276014
459.0	0.405853509	0.0	-0.1505575706	0.01078671364	4.592206977e-5	-0.02748079898	0.003939125625
460.0	0.4059430061	0.0	-0.1508224988	0.0108059506	4.640091427e-5	-0.02752443461	0.003946969849
461.0	0.4060340773	0.0	-0.1510871846	0.01082517481	4.687893285e-5	-0.02756802724	0.003954808778
462.0	0.4061266689	0.0	-0.1513516289	0.0108443864	4.735612667e-5	-0.02761157689	0.003962642498
463.0	0.4062207259	0.0	-0.1516158322	0.01086358545	4.783249745e-5	-0.02765508356	0.003970471087
464.0	0.4063161916	0.0	-0.151879795	0.01088277203	4.830804752e-5	-0.02769854726	0.003978294617
465.0	0.4064130084	0.0	-0.1521435177	0.01090194619	4.878277977e-5	-0.02774196794	0.003986113152
466.0	0.4065111172	0.0	-0.1524070005	0.01092110799	4.925669762e-5	-0.02778534556	0.003993926749
467.0	0.4066104581	0.0	-0.1526702437	0.01094025743	4.972980505e-5	-0.02782868004	0.00400173546
468.0	0.4067109702	0.0	-0.1529332472	0.01095939455	5.02021065e-5	-0.0278719713	0.004009539328
469.0	0.4068125922	0.0	-0.1531960111	0.01097851931	5.067360692e-5	-0.02791521925	0.004017338391
470.0	0.4069152618	0.0	-0.1534585353	0.01099763172	5.114431173e-5	-0.02795842375	0.004025132678
471.0	0.4070189164	0.0	-0.1537208195	0.01101673174	5.161422677e-5	-0.02800158468	0.004032922215
472.0	0.407123493	0.0	-0.1539828634	0.01103581931	5.208335833e-5	-0.02804470189	0.004040707019
473.0	0.4072289286	0.0	-0.1542446667	0.01105489439	5.255171307e-5	-0.02808777521	0.004048487101
474.0	0.4073351598	0.0	-0.1545062288	0.01107395689	5.301929805e-5	-0.02813080449	0.004056262469
475.0	0.4074421234	0.0	-0.1547675492	0.01109300674	5.348612067e-5	-0.02817378952	0.004064033121
476.0	0.4075497563	0.0	-0.1550286273	0.01111204384	5.395218868e-5	-0.02821673011	0.004071799051
477.0	0.4076579957	0.0	-0.1552894624	0.01113106808	5.441751012e-5	-0.02825962607	0.004079560247
478.0	0.4077667791	0.0	-0.1555500538	0.01115007935	5.488209333e-5	-0.02830247716	0.004087316694
479.0	0.4078760444	0.0	-0.1558104005	0.01116907752	5.534594692e-5	-0.02834528317	0.004095068368
480.0	0.4079857302	0.0	-0.1560705018	0.01118806245	5.580907973e-5	-0.02838804387	0.004102815242
481.0	0.4080957757	0.0	-0.1563303566	0.011207034	5.627150085e-5	-0.02843075902	0.004110557285
482.0	0.4082061209	0.0	-0.156589964	0.01122599201	5.673321954e-5	-0.02847342836	0.004118294458
483.0	0.4083167066	0.0	-0.156849323	0.01124493633	5.719424526e-5	-0.02851605166	0.004126026722
484.0	0.4084274746	0.0	-0.1571084324	0.01126386677	5.765458761e-5	-0.02855862866	0.00413375403
485.0	0.4085383677	0.0	-0.1573672911	0.01128278318	5.811425634e-5	-0.02860115909	0.004141476332
486.0	0.4086493297	0.0	-0.1576258979	0.01130168535	5.857326132e-5	-0.02864364269	0.004149193575
487.0	0.4087603058	0.0	-0.1578842517	0.01132057312	5.903161249e-5	-0.02868607921	0.004156905702
488.0	0.4088712423	0.0	-0.1581423512	0.01133944627	5.948931989e-5	-0.02872846837	0.004164612651
489.0	0.4089820868	0.0	-0.1584001951	0.01135830462	5.99463936e-5	-0.0287708099	0.004172314358
490.0	0.4090927884	0.0	-0.1586577821	0.01137714796	6.040284374e-5	-0.02881310355	0.004180010758
491.0	0.4092032974	0.0	-0.158915111	0.01139597609	6.085868045e-5	-0.02885534903	0.004187701778
492.0	0.409313566	0.0	-0.1591721805	0.01141478879	6.131391386e-5	-0.02889754609	0.004195387347
493.0	0.4094235474	0.0	-0.1594289891	0.01143358586	6.176855409e-5	-0.02893969445	0.004203067389
494.0	0.4095331969	0.0	-0.1596855356	0.01145236707	6.222261122e-5	-0.02898179386	0.004210741827
495.0	0.4096424712	0.0	-0.1599418186	0.01147113222	6.267609525e-5	-0.02902384406	0.004218410582
496.0	0.4097513287	0.0	-0.1601978367	0.01148988109	6.312901616e-5	-0.02906584478	0.004226073573
497.0	0.4098597294	0.0	-0.1604535886	0.01150861345	6.358138378e-5	-0.02910779577	0.004233730715
498.0	0.4099676352	0.0	-0.1607090729	0.01152732909	6.40332079e-5	-0.02914969679	0.004241381926
499.0	0.4100750097	0.0	-0.1609642883	0.0115460278	6.448449815e-5	-0.02919154759	0.004249027119
500.0	0.4101818182	0.0	-0.1612192335	0.01156470934	6.493526404e-5	-0.02923334793	0.004256666209
501.0	0.410288028	0.0	-0.1614739071	0.01158337351	6.538551493e-5	-0.02927509758	0.004264299107
502.0	0.410393608	0.0	-0.1617283078	0.0116020201	6.583526004e-5	-0.0293167963	0.004271925726
503.0	0.4104985292	0.0	-0.1619824343	0.01162064887	6.62845084e-5	-0.02935844389	0.004279545976
504.0	0.410602764	0.0	-0.1622362854	0.01163925964	6.673326888e-5	-0.02940004012	0.00428715977
505.0	0.4107062871	0.0	-0.1624898597	0.01165785217	6.718155012e-5	-0.02944158479	0.004294767019
506.0	0.4108090748	0.0	-0.1627431562	0.01167642628	6.76293606e-5	-0.0294830777	0.004302367632
507.0	0.4109111052	0.0	-0.1629961734	0.01169498175	6.807670856e-5	-0.02952451865	0.004309961523
508.0	0.4110123584	0.0	-0.1632489104	0.01171351838	6.852360201e-5	-0.02956590748	0.004317548603
509.0	0.4111128162	0.0	-0.1635013659	0.01173203599	6.897004877e-5	-0.02960724399	0.004325128784
510.0	0.4112124622	0.0	-0.1637535388	0.01175053437	6.941605637e-5	-0.02964852803	0.004332701979
511.0	0.4113112819	0.0	-0.1640054281	0.01176901334	6.986163214e-5	-0.02968975944	0.004340268103
512.0	0.4114092624	0.0	-0.1642570327	0.01178747272	7.030678312e-5	-0.02973093807	0.00434782707
513.0	0.4115063928	0.0	-0.1645083515	0.01180591233	7.075151612e-5	-0.02977206378	0.004355378797
514.0	0.4116026637	0.0	-0.1647593837	0.01182433199	7.119583768e-5	-0.02981313645	0.0043629232
515.0	0.4116980674	0.0	-0.1650101283	0.01184273154	7.163975406e-5	-0.02985415595	0.0043704602
516.0	0.4117925981	0.0	-0.1652605845	0.01186111082	7.208327126e-5	-0.02989512219	0.004377989715
517.0	0.4118862514	0.0	-0.1655107513	0.01187946967	7.2526395e-5	-0.02993603504	0.00438551167
518.0	0.4119790247	0.0	-0.165760628	0.01189780794	7.296913073e-5	-0.02997689444	0.004393025986
519.0	0.4120709167	0.0	-0.1660102138	0.01191612549	7.341148361e-5	-0.03001770029	0.00440053259
520.0	0.412161928	0.0	-0.166259508	0.01193442217	7.385345852e-5	-0.03005845252	0.00440803141
521.0	0.4122520603	0.0	-0.1665085099	0.01195269786	7.429506007e-5	-0.03009915109	0.004415522375
522.0	0.4123413171	0.0	-0.166757219	0.01197095244	7.473629256e-5	-0.03013979593	0.004423005417
523.0	0.4124297032	0.0	-0.1670056347	0.01198918577	7.517716004e-5	-0.03018038701	0.00443048047
524.0	0.4125172245	0.0	-0.1672537564	0.01200739776	7.561766625e-5	-0.0302209243	0.004437947471
525.0	0.4126038886	0.0	-0.1675015836	0.0120255883	7.605781466e-5	-0.03026140777	0.004445406358
526.0	0.4126897042	0.0	-0.167749116	0.01204375728	7.649760846e-5	-0.03030183742	0.004452857073
527.0	0.4127746813	0.0	-0.1679963531	0.01206190461	7.693705057e-5	-0.03034221325	0.004460299558
528.0	0.4128588308	0.0	-0.1682432946	0.01208003022	7.737614362e-5	-0.03038253526	0.004467733761
529.0	0.4129421651	0.0	-0.1684899403	0.01209813402	7.781488998e-5	-0.03042280347	0.004475159631
530.0	0.4130246975	0.0	-0.1687362899	0.01211621595	7.825329174e-5	-0.0304630179	0.004482577117
531.0	0.4131064422	0.0	-0.1689823431	0.01213427593	7.869135073e-5	-0.03050317861	0.004489986175
532.0	0.4131874146	0.0	-0.1692281	0.01215231391	7.912906852e-5	-0.03054328562	0.004497386761
533.0	0.4132676308	0.0	-0.1694735603	0.01217032984	7.956644643e-5	-0.030583339	0.004504778834
534.0	0.413347108	0.0	-0.169718724	0.01218832368	8.000348553e-5	-0.0306233388	0.004512162356
535.0	0.4134258639	0.0	-0.1699635912	0.01220629538	8.044018662e-5	-0.0306632851	0.004519537293
536.0	0.4135039173	0.0	-0.1702081618	0.01222424493	8.087655028e-5	-0.03070317798	0.004526903612
537.0	0.4135812874	0.0	-0.170452436	0.01224217228	8.131257686e-5	-0.03074301752	0.004534261282
538.0	0.4136579942	0.0	-0.1706964138	0.01226007743	8.174826648e-5	-0.03078280382	0.004541610277
539.0	0.4137340583	0.0	-0.1709400955	0.01227796036	8.218361902e-5	-0.03082253698	0.004548950573
540.0	0.4138095008	0.0	-0.1711834813	0.01229582108	8.261863417e-5	-0.03086221711	0.004556282147
541.0	0.4138843432	0.0	-0.1714265714	0.01231365957	8.305331139e-5	-0.03090184432	0.004563604981
542.0	0.4139586077	0.0	-0.1716693661	0.01233147584	8.348764996e-5	-0.03094141874	0.004570919058
543.0	0.4140323166	0.0	-0.1719118658	0.01234926992	8.392164896e-5	-0.0309809405	0.004578224364
544.0	0.4141054927	0.0	-0.1721540708	0.01236704181	8.435530727e-5	-0.03102040973	0.004585520889
545.0	0.414178159	0.0	-0.1723959816	0.01238479154	8.478862361e-5	-0.03105982657	0.004592808624
546.0	0.4142503388	0.0	-0.1726375985	0.01240251914	8.522159652e-5	-0.03109919118	0.004600087562
547.0	0.4143220554	0.0	-0.1728789222	0.01242022465	8.565422438e-5	-0.0311385037	0.0046073577
548.0	0.4143933326	0.0	-0.173119953	0.0124379081	8.608650543e-5	-0.03117776429	0.004614619036
549.0	0.4144641939	0.0	-0.1733606915	0.01245556953	8.651843774e-5	-0.03121697311	0.004621871573
550.0	0.4145346631	0.0	-0.1736011384	0.01247320901	8.695001925e-5	-0.03125613033	0.004629115312
551.0	0.4146047639	0.0	-0.1738412942	0.01249082657	8.738124778e-5	-0.03129523611	0.00463635026
552.0	0.4146745199	0.0	-0.1740811595	0.01250842228	8.781212102e-5	-0.03133429064	0.004643576425
553.0	0.4147439548	0.0	-0.174320735	0.0125259962	8.824263655e-5	-0.03137329409	0.004650793817
554.0	0.4148130919	0.0	-0.1745600215	0.0125435484	8.867279185e-5	-0.03141224665	0.004658002447
555.0	0.4148819545	0.0	-0.1747990195	0.01256107894	8.910258428e-5	-0.03145114849	0.00466520233
556.0	0.4149505657	0.0	-0.1750377299	0.0125785879	8.953201114e-5	-0.0314899998	0.004672393482
557.0	0.4150189483	0.0	-0.1752761534	0.01259607536	8.996106964e-5	-0.03152880077	0.004679575921
558.0	0.4150871249	0.0	-0.1755142908	0.0126135414	9.038975692e-5	-0.0315675516	0.004686749667
559.0	0.4151551176	0.0	-0.1757521428	0.01263098609	9.081807004e-5	-0.03160625247	0.00469391474
560.0	0.4152229484	0.0	-0.1759897103	0.01264840953	9.124600603e-5	-0.03164490358	0.004701071164
561.0	0.4152906387	0.0	-0.1762269941	0.0126658118	9.167356185e-5	-0.03168350513	0.004708218964
562.0	0.4153582095	0.0	-0.1764639951	0.01268319299	9.210073443e-5	-0.03172205731	0.004715358166
563.0	0.4154256816	0.0	-0.176700714	0.0127005532	9.252752067e-5	-0.03176056033	0.004722488797
564.0	0.415493075	0.0	-0.1769371518	0.01271789252	9.295391744e-5	-0.03179901437	0.004729610887
565.0	0.4155604096	0.0	-0.1771733094	0.01273521105	9.337992158e-5	-0.03183741964	0.004736724465
566.0	0.4156277043	0.0	-0.1774091875	0.01275250888	9.380552995e-5	-0.03187577634	0.004743829562
567.0	0.4156949778	0.0	-0.1776447872	0.01276978612	9.423073937e-5	-0.03191408466	0.004750926212
568.0	0.4157622483	0.0	-0.1778801092	0.01278704286	9.465554669e-5	-0.0319523448	0.004758014448
569.0	0.415829533	0.0	-0.1781151546	0.01280427921	9.507994876e-5	-0.03199055696	0.004765094304
570.0	0.4158968491	0.0	-0.1783499241	0.01282149528	9.550394244e-5	-0.03202872134	0.004772165816
571.0	0.4159642126	0.0	-0.1785844188	0.01283869115	9.592752462e-5	-0.03206683813	0.004779229019
572.0	0.4160316393	0.0	-0.1788186395	0.01285586695	9.635069223e-5	-0.03210490752	0.004786283951
573.0	0.4160991441	0.0	-0.1790525871	0.01287302277	9.67734422e-5	-0.0321429297	0.004793330649
574.0	0.4161667414	0.0	-0.1792862626	0.01289015871	9.719577154e-5	-0.03218090487	0.004800369151
575.0	0.4162344449	0.0	-0.1795196667	0.01290727488	9.761767728e-5	-0.03221883322	0.004807399496
576.0	0.4163022675	0.0	-0.1797528006	0.01292437139	9.803915651e-5	-0.03225671492	0.004814421722
577.0	0.4163702217	0.0	-0.1799856649	0.01294144833	9.846020636e-5	-0.03229455017	0.004821435869
578.0	0.4164383191	0.0	-0.1802182607	0.01295850582	9.888082405e-5	-0.03233233915	0.004828441976
579.0	0.4165065706	0.0	-0.1804505888	0.01297554395	9.930100685e-5	-0.03237008203	0.004835440083
580.0	0.4165749865	0.0	-0.18068265	0.01299256282	9.972075208e-5	-0.03240777899	0.004842430231
581.0	0.4166435764	0.0	-0.1809144454	0.01300956255	0.0001001400572	-0.03244543021	0.004849412458
582.0	0.4167123491	0.0	-0.1811459756	0.01302654321	0.0001005589196	-0.03248303585	0.004856386805
583.0	0.4167813129	0.0	-0.1813772416	0.01304350493	0.0001009773369	-0.03252059608	0.004863353312
584.0	0.4168504753	0.0	-0.1816082441	0.01306044778	0.0001013953068	-0.03255811107	0.004870312019
585.0	0.4169198431	0.0	-0.1818389841	0.01307737187	0.000101812827	-0.03259558098	0.004877262965
586.0	0.4169894225	0.0	-0.1820694624	0.01309427729	0.0001022298953	-0.03263300596	0.004884206189
587.0	0.4170592188	0.0	-0.1822996796	0.01311116414	0.0001026465097	-0.03267038617	0.00489114173
588.0	0.4171292369	0.0	-0.1825296367	0.0131280325	0.0001030626681	-0.03270772175	0.004898069628
589.0	0.4171994809	0.0	-0.1827593344	0.01314488246	0.0001034783687	-0.03274501287	0.00490498992
590.0	0.4172699544	0.0	-0.1829887735	0.01316171412	0.0001038936096	-0.03278225965	0.004911902644
591.0	0.4173406601	0.0	-0.1832179546	0.01317852755	0.0001043083893	-0.03281946224	0.004918807838
592.0	0.4174116002	0.0	-0.1834468785	0.01319532284	0.0001047227061	-0.03285662077	0.004925705537
593.0	0.4174827765	0.0	-0.183675546	0.01321210007	0.0001051365584	-0.03289373538	0.004932595779
594.0	0.4175541897	0.0	-0.1839039577	0.01322885932	0.0001055499451	-0.03293080619	0.004939478599
595.0	0.4176258404	0.0	-0.1841321143	0.01324560066	0.0001059628646	-0.03296783333	0.004946354031
596.0	0.4176977284	0.0	-0.1843600165	0.01326232417	0.000106375316	-0.03300481691	0.00495322211
597.0	0.4177698528	0.0	-0.1845876649	0.01327902993	0.0001067872981	-0.03304175706	0.004960082868
598.0	0.4178422125	0.0	-0.1848150601	0.01329571799	0.0001071988099	-0.03307865388	0.004966936339
599.0	0.4179148055	0.0	-0.1850422027	0.01331238842	0.0001076098506	-0.03311550749	0.004973782554
600.0	0.4179876296	0.0	-0.1852690934	0.0133290413	0.0001080204195	-0.03315231799	0.004980621545
601.0	0.4180606819	0.0	-0.1854957326	0.01334567667	0.0001084305158	-0.03318908548	0.00498745334
602.0	0.4181339591	0.0	-0.185722121	0.01336229461	0.0001088401391	-0.03322581005	0.00499427797
603.0	0.4182074574	0.0	-0.185948259	0.01337889517	0.0001092492889	-0.03326249181	0.005001095461
604.0	0.4182811726	0.0	-0.1861741473	0.01339547839	0.0001096579649	-0.03329913083	0.005007905843
605.0	0.4183550999	0.0	-0.1863997862	0.01341204434	0.0001100661668	-0.03333572721	0.005014709141
606.0	0.4184292345	0.0	-0.1866251763	0.01342859306	0.0001104738945	-0.03337228103	0.00502150538
607.0	0.4185035708	0.0	-0.186850318	0.0134451246	0.0001108811479	-0.03340879237	0.005028294585
608.0	0.4185781031	0.0	-0.1870752118	0.013461639	0.0001112879271	-0.03344526129	0.005035076779
609.0	0.4186528251	0.0	-0.187299858	0.0134781363	0.0001116942323	-0.03348168788	0.005041851984
610.0	0.4187277304	0.0	-0.1875242572	0.01349461654	0.0001121000636	-0.0335180722	0.005048620223
611.0	0.4188028123	0.0	-0.1877484096	0.01351107976	0.0001125054215	-0.03355441432	0.005055381515
612.0	0.4188780636	0.0	-0.1879723156	0.01352752599	0.0001129103063	-0.0335907143	0.00506213588
613.0	0.4189534771	0.0	-0.1881959757	0.01354395526	0.0001133147185	-0.03362697219	0.005068883337
614.0	0.4190290452	0.0	-0.1884193901	0.0135603676	0.0001137186587	-0.03366318806	0.005075623902
615.0	0.41910476	0.0	-0.1886425592	0.01357676305	0.0001141221276	-0.03369936195	0.005082357592
616.0	0.4191806135	0.0	-0.1888654833	0.01359314161	0.000114525126	-0.03373549391	0.005089084423
617.0	0.4192565976	0.0	-0.1890881626	0.01360950332	0.0001149276546	-0.033771584	0.005095804409
618.0	0.419332704	0.0	-0.1893105974	0.01362584818	0.0001153297143	-0.03380763225	0.005102517563
619.0	0.419408924	0.0	-0.189532788	0.01364217623	0.0001157313062	-0.0338436387	0.005109223898
620.0	0.4194852491	0.0	-0.1897547346	0.01365848748	0.0001161324313	-0.03387960341	0.005115923425
621.0	0.4195616706	0.0	-0.1899764375	0.01367478194	0.0001165330905	-0.03391552639	0.005122616156
622.0	0.4196381797	0.0	-0.1901978968	0.01369105961	0.0001169332852	-0.0339514077	0.005129302099
623.0	0.4197147673	0.0	-0.1904191128	0.01370732052	0.0001173330165	-0.03398724735	0.005135981264
624.0	0.4197914247	0.0	-0.1906400857	0.01372356466	0.0001177322857	-0.03402304538	0.005142653658
625.0	0.4198681428	0.0	-0.1908608156	0.01373979204	0.0001181310941	-0.03405880181	0.005149319289
626.0	0.4199449126	0.0	-0.1910813028	0.01375600268	0.0001185294432	-0.03409451668	0.005155978161
627.0	0.4200217252	0.0	-0.1913015472	0.01377219656	0.0001189273342	-0.03413019001	0.005162630282
628.0	0.4200985716	0.0	-0.1915215492	0.01378837368	0.0001193247687	-0.03416582182	0.005169275655
629.0	0.4201754427	0.0	-0.1917413088	0.01380453406	0.0001197217483	-0.03420141213	0.005175914284
630.0	0.4202523299	0.0	-0.1919608261	0.01382067768	0.0001201182743	-0.03423696096	0.005182546171
631.0	0.4203292241	0.0	-0.1921801013	0.01383680455	0.0001205143485	-0.03427246833	0.00518917132
632.0	0.4204061167	0.0	-0.1923991345	0.01385291465	0.0001209099724	-0.03430793426	0.005195789732
633.0	0.420482999	0.0	-0.1926179257	0.01386900798	0.0001213051476	-0.03434335876	0.005202401407
634.0	0.4205598624	0.0	-0.1928364751	0.01388508453	0.0001216998758	-0.03437874185	0.005209006345
635.0	0.4206366986	0.0	-0.1930547827	0.01390114429	0.0001220941587	-0.03441408354	0.005215604546
636.0	0.4207134992	0.0	-0.1932728486	0.01391718726	0.0001224879981	-0.03444938384	0.00522219601
637.0	0.420790256	0.0	-0.1934906729	0.01393321342	0.0001228813955	-0.03448464278	0.005228780733
638.0	0.4208669612	0.0	-0.1937082556	0.01394922276	0.0001232743527	-0.03451986035	0.005235358715
639.0	0.4209436068	0.0	-0.1939255967	0.01396521527	0.0001236668715	-0.03455503658	0.005241929952
640.0	0.4210201852	0.0	-0.1941426965	0.01398119093	0.0001240589537	-0.03459017147	0.005248494441
641.0	0.4210966889	0.0	-0.1943595548	0.01399714973	0.0001244506009	-0.03462526503	0.005255052178
642.0	0.4211731106	0.0	-0.1945761717	0.01401309166	0.0001248418149	-0.03466031727	0.00526160316
643.0	0.4212494433	0.0	-0.1947925473	0.0140290167	0.0001252325975	-0.03469532822	0.005268147381
644.0	0.4213256802	0.0	-0.1950086816	0.01404492484	0.0001256229505	-0.03473029786	0.005274684837
645.0	0.4214018145	0.0	-0.1952245747	0.01406081606	0.0001260128755	-0.03476522623	0.005281215522
646.0	0.4214778399	0.0	-0.1954402265	0.01407669034	0.0001264023743	-0.03480011331	0.005287739432
647.0	0.4215537501	0.0	-0.1956556372	0.01409254767	0.0001267914486	-0.03483495914	0.005294256559
648.0	0.4216295394	0.0	-0.1958708066	0.01410838803	0.0001271801001	-0.03486976371	0.005300766899
649.0	0.4217052018	0.0	-0.196085735	0.0141242114	0.0001275683306	-0.03490452704	0.005307270444
650.0	0.4217807321	0.0	-0.1963004223	0.01414001777	0.0001279561418	-0.03493924915	0.005313767189
651.0	0.4218561249	0.0	-0.1965148685	0.01415580713	0.0001283435352	-0.03497393003	0.005320257126
652.0	0.4219313753	0.0	-0.1967290737	0.01417157944	0.0001287305125	-0.03500856972	0.005326740249
653.0	0.4220064787	0.0	-0.1969430379	0.01418733471	0.0001291170754	-0.03504316821	0.00533321655
654.0	0.4220814306	0.0	-0.1971567611	0.0142030729	0.0001295032254	-0.03507772553	0.005339686023
655.0	0.4221562268	0.0	-0.1973702435	0.01421879402	0.0001298889641	-0.03511224168	0.00534614866
656.0	0.4222308635	0.0	-0.1975834849	0.01423449803	0.0001302742931	-0.03514671669	0.005352604455
657.0	0.4223053369	0.0	-0.1977964856	0.01425018493	0.0001306592138	-0.03518115058	0.0053590534
658.0	0.4223796436	0.0	-0.1980092455	0.0142658547	0.0001310437278	-0.03521554335	0.005365495488
659.0	0.4224537807	0.0	-0.1982217646	0.01428150732	0.0001314278365	-0.03524989503	0.005371930712
660.0	0.4225277451	0.0	-0.1984340431	0.01429714278	0.0001318115413	-0.03528420563	0.005378359065
661.0	0.4226015343	0.0	-0.1986460809	0.01431276108	0.0001321948436	-0.03531847519	0.00538478054
662.0	0.4226751459	0.0	-0.1988578782	0.01432836219	0.0001325777447	-0.03535270371	0.00539119513
663.0	0.4227485779	0.0	-0.199069435	0.0143439461	0.000132960246	-0.03538689122	0.005397602828
664.0	0.4228218284	0.0	-0.1992807515	0.0143595128	0.0001333423487	-0.03542103775	0.005404003628
665.0	0.4228948958	0.0	-0.1994918276	0.01437506229	0.0001337240542	-0.03545514331	0.005410397524
666.0	0.4229677788	0.0	-0.1997026634	0.01439059454	0.0001341053635	-0.03548920795	0.005416784509
667.0	0.4230404763	0.0	-0.1999132591	0.01440610956	0.0001344862778	-0.03552323167	0.005423164577
668.0	0.4231129874	0.0	-0.2001236147	0.01442160733	0.0001348667984	-0.03555721452	0.005429537722
669.0	0.4231853115	0.0	-0.2003337304	0.01443708785	0.0001352469261	-0.03559115652	0.005435903939
670.0	0.4232574483	0.0	-0.2005436062	0.01445255111	0.0001356266622	-0.0356250577	0.005442263223
671.0	0.4233293975	0.0	-0.2007532422	0.0144679971	0.0001360060076	-0.0356589181	0.005448615568
672.0	0.4234011591	0.0	-0.2009626387	0.01448342581	0.0001363849633	-0.03569273774	0.005454960969
673.0	0.4234727336	0.0	-0.2011717956	0.01449883726	0.0001367635302	-0.03572651667	0.005461299423
674.0	0.4235441213	0.0	-0.2013807132	0.01451423142	0.0001371417091	-0.03576025491	0.005467630925
675.0	0.4236153229	0.0	-0.2015893915	0.0145296083	0.000137519501	-0.03579395251	0.005473955471
676.0	0.4236863393	0.0	-0.2017978308	0.0145449679	0.0001378969066	-0.03582760951	0.005480273058
677.0	0.4237571715	0.0	-0.2020060311	0.01456031021	0.0001382739267	-0.03586122593	0.005486583682
678.0	0.4238278208	0.0	-0.2022139926	0.01457563524	0.0001386505621	-0.03589480184	0.005492887341
679.0	0.4238982887	0.0	-0.2024217156	0.014590943	0.0001390268134	-0.03592833725	0.005499184033
680.0	0.4239685766	0.0	-0.2026292	0.01460623347	0.0001394026812	-0.03596183223	0.005505473754
681.0	0.4240386864	0.0	-0.2028364463	0.01462150667	0.0001397781662	-0.03599528681	0.005511756504
682.0	0.42410862	0.0	-0.2030434544	0.01463676259	0.0001401532689	-0.03602870105	0.00551803228
683.0	0.4241783793	0.0	-0.2032502246	0.01465200125	0.00014052799	-0.03606207498	0.005524301083
684.0	0.4242479667	0.0	-0.2034567572	0.01466722266	0.0001409023298	-0.03609540865	0.00553056291
685.0	0.4243173844	0.0	-0.2036630523	0.01468242681	0.0001412762888	-0.03612870212	0.005536817763
686.0	0.4243866348	0.0	-0.20386911	0.01469761372	0.0001416498676	-0.03616195543	0.005543065641
687.0	0.4244557206	0.0	-0.2040749308	0.01471278339	0.0001420230664	-0.03619516864	0.005549306545
688.0	0.4245246443	0.0	-0.2042805146	0.01472793584	0.0001423958856	-0.0362283418	0.005555540476
689.0	0.4245934089	0.0	-0.2044858619	0.01474307108	0.0001427683256	-0.03626147496	0.005561767434
690.0	0.424662017	0.0	-0.2046909728	0.01475818912	0.0001431403866	-0.03629456818	0.005567987422
691.0	0.4247304718	0.0	-0.2048958476	0.01477328997	0.000143512069	-0.0363276215	0.005574200442
692.0	0.4247987762	0.0	-0.2051004864	0.01478837365	0.000143883373	-0.03636063499	0.005580406497
693.0	0.4248669333	0.0	-0.2053048896	0.01480344016	0.0001442542987	-0.03639360871	0.005586605588
694.0	0.4249349463	0.0	-0.2055090575	0.01481848954	0.0001446248463	-0.03642654271	0.005592797719
695.0	0.4250028184	0.0	-0.2057129902	0.01483352178	0.0001449950161	-0.03645943705	0.005598982895
696.0	0.4250705529	0.0	-0.2059166881	0.01484853692	0.0001453648081	-0.03649229179	0.005605161118
697.0	0.4251381531	0.0	-0.2061201514	0.01486353496	0.0001457342225	-0.03652510699	0.005611332393
698.0	0.4252056224	0.0	-0.2063233804	0.01487851593	0.0001461032593	-0.03655788272	0.005617496725
699.0	0.4252729641	0.0	-0.2065263754	0.01489347985	0.0001464719185	-0.03659061903	0.005623654119
700.0	0.4253401816	0.0	-0.2067291367	0.01490842673	0.0001468402003	-0.03662331598	0.00562980458
701.0	0.4254072783	0.0	-0.2069316645	0.0149233566	0.0001472081047	-0.03665597364	0.005635948114
702.0	0.4254742577	0.0	-0.2071339592	0.01493826947	0.0001475756316	-0.03668859207	0.005642084727
703.0	0.4255411231	0.0	-0.207336021	0.01495316538	0.000147942781	-0.03672117134	0.005648214426
704.0	0.425607878	0.0	-0.2075378504	0.01496804434	0.0001483095529	-0.03675371151	0.005654337216
705.0	0.4256745258	0.0	-0.2077394475	0.01498290637	0.0001486759473	-0.03678621265	0.005660453105
706.0	0.4257410699	0.0	-0.2079408126	0.01499775151	0.000149041964	-0.03681867481	0.0056665621
707.0	0.4258075136	0.0	-0.2081419462	0.01501257977	0.0001494076031	-0.03685109807	0.005672664209
708.0	0.4258738603	0.0	-0.2083428485	0.01502739117	0.0001497728644	-0.0368834825	0.00567875944
709.0	0.4259401132	0.0	-0.2085435198	0.01504218576	0.0001501377479	-0.03691582815	0.0056848478
710.0	0.4260062756	0.0	-0.2087439605	0.01505696354	0.0001505022534	-0.03694813509	0.005690929298
711.0	0.4260723508	0.0	-0.2089441709	0.01507172455	0.0001508663808	-0.0369804034	0.005697003943
712.0	0.4261383419	0.0	-0.2091441513	0.01508646881	0.00015123013	-0.03701263314	0.005703071743
713.0	0.4262042519	0.0	-0.209343902	0.01510119635	0.0001515935008	-0.03704482437	0.005709132707
714.0	0.4262700841	0.0	-0.2095434234	0.0151159072	0.0001519564933	-0.03707697716	0.005715186846
715.0	0.4263358413	0.0	-0.2097427158	0.01513060138	0.0001523191071	-0.03710909158	0.005721234167
716.0	0.4264015265	0.0	-0.2099417795	0.01514527892	0.0001526813422	-0.03714116769	0.005727274681
717.0	0.4264671425	0.0	-0.2101406149	0.01515993986	0.0001530431984	-0.03717320557	0.005733308398
718.0	0.4265326921	0.0	-0.2103392223	0.01517458421	0.0001534046756	-0.03720520528	0.005739335327
719.0	0.4265981781	0.0	-0.2105376021	0.01518921201	0.0001537657736	-0.03723716689	0.00574535548
720.0	0.4266636031	0.0	-0.2107357545	0.01520382329	0.0001541264924	-0.03726909046	0.005751368865
721.0	0.4267289696	0.0	-0.21093368	0.01521841807	0.0001544868318	-0.03730097606	0.005757375494
722.0	0.42679428	0.0	-0.2111313788	0.01523299638	0.0001548467916	-0.03733282376	0.005763375376
723.0	0.4268595368	0.0	-0.2113288514	0.01524755826	0.0001552063717	-0.03736463362	0.005769368524
724.0	0.4269247423	0.0	-0.211526098	0.01526210373	0.000155565572	-0.03739640571	0.005775354947
725.0	0.4269898986	0.0	-0.2117231189	0.01527663281	0.0001559243923	-0.0374281401	0.005781334656
726.0	0.4270550078	0.0	-0.2119199146	0.01529114555	0.0001562828326	-0.03745983685	0.005787307662
727.0	0.427120072	0.0	-0.2121164853	0.01530564196	0.0001566408928	-0.03749149602	0.005793273977
728.0	0.427185093	0.0	-0.2123128315	0.01532012208	0.0001569985727	-0.03752311769	0.005799233611
729.0	0.4272500727	0.0	-0.2125089533	0.01533458594	0.0001573558723	-0.03755470191	0.005805186575
730.0	0.4273150129	0.0	-0.2127048512	0.01534903356	0.0001577127915	-0.03758624875	0.005811132881
731.0	0.427379915	0.0	-0.2129005256	0.01536346498	0.0001580693301	-0.03761775827	0.00581707254
732.0	0.4274447808	0.0	-0.2130959766	0.01537788022	0.0001584254882	-0.03764923054	0.005823005563
733.0	0.4275096115	0.0	-0.2132912047	0.01539227931	0.0001587812657	-0.03768066562	0.00582893196
734.0	0.4275744085	0.0	-0.2134862102	0.01540666227	0.0001591366626	-0.03771206358	0.005834851744
735.0	0.427639173	0.0	-0.2136809935	0.01542102915	0.0001594916788	-0.03774342446	0.005840764926
736.0	0.4277039062	0.0	-0.2138755547	0.01543537996	0.0001598463143	-0.03777474835	0.005846671516
737.0	0.4277686091	0.0	-0.2140698944	0.01544971473	0.0001602005691	-0.03780603529	0.005852571526
738.0	0.4278332827	0.0	-0.2142640127	0.01546403349	0.0001605544432	-0.03783728534	0.005858464966
739.0	0.4278979277	0.0	-0.2144579101	0.01547833627	0.0001609079367	-0.03786849858	0.005864351849
740.0	0.427962545	0.0	-0.2146515868	0.01549262309	0.0001612610495	-0.03789967505	0.005870232184
741.0	0.4280271351	0.0	-0.2148450431	0.01550689399	0.0001616137817	-0.03793081481	0.005876105983
742.0	0.4280916987	0.0	-0.2150382795	0.01552114898	0.0001619661335	-0.03796191793	0.005881973257
743.0	0.4281562361	0.0	-0.215231296	0.01553538809	0.0001623181048	-0.03799298447	0.005887834016
744.0	0.4282207479	0.0	-0.2154240932	0.01554961135	0.0001626696958	-0.03802401447	0.005893688272
745.0	0.4282852341	0.0	-0.2156166713	0.01556381879	0.0001630209065	-0.03805500799	0.005899536034
746.0	0.4283496952	0.0	-0.2158090305	0.01557801042	0.0001633717371	-0.0380859651	0.005905377314
747.0	0.4284141311	0.0	-0.2160011713	0.01559218628	0.0001637221878	-0.03811688584	0.005911212121
748.0	0.428478542	0.0	-0.2161930939	0.01560634639	0.0001640722586	-0.03814777028	0.005917040466
749.0	0.4285429277	0.0	-0.2163847985	0.01562049077	0.0001644219498	-0.03817861846	0.00592286236
750.0	0.4286072881	0.0	-0.2165762855	0.01563461945	0.0001647712614	-0.03820943044	0.005928677812
751.0	0.4286716231	0.0	-0.2167675553	0.01564873245	0.0001651201938	-0.03824020627	0.005934486832
752.0	0.4287359323	0.0	-0.2169586079	0.01566282979	0.0001654687471	-0.03827094601	0.005940289431
753.0	0.4288002154	0.0	-0.2171494438	0.01567691149	0.0001658169216	-0.0383016497	0.005946085618
754.0	0.4288644721	0.0	-0.2173400633	0.01569097758	0.0001661647174	-0.03833231741	0.005951875402
755.0	0.4289287017	0.0	-0.2175304665	0.01570502809	0.0001665121349	-0.03836294917	0.005957658793
756.0	0.4289929039	0.0	-0.2177206539	0.01571906302	0.0001668591742	-0.03839354504	0.0059634358
757.0	0.4290570779	0.0	-0.2179106256	0.0157330824	0.0001672058358	-0.03842410507	0.005969206433
758.0	0.4291212231	0.0	-0.2181003819	0.01574708626	0.0001675521198	-0.03845462931	0.005974970701
759.0	0.4291853387	0.0	-0.2182899232	0.01576107461	0.0001678980266	-0.03848511781	0.005980728612
760.0	0.4292494241	0.0	-0.2184792495	0.01577504747	0.0001682435565	-0.03851557061	0.005986480176
761.0	0.4293134784	0.0	-0.2186683614	0.01578900487	0.0001685887099	-0.03854598776	0.0059922254
762.0	0.4293775007	0.0	-0.2188572589	0.01580294682	0.000168933487	-0.03857636931	0.005997964294
763.0	0.4294414901	0.0	-0.2190459423	0.01581687334	0.0001692778882	-0.03860671531	0.006003696866
764.0	0.4295054456	0.0	-0.2192344119	0.01583078444	0.000169621914	-0.0386370258	0.006009423123
765.0	0.4295693664	0.0	-0.219422668	0.01584468016	0.0001699655647	-0.03866730082	0.006015143075
766.0	0.4296332512	0.0	-0.2196107108	0.0158585605	0.0001703088406	-0.03869754043	0.006020856728
767.0	0.4296970991	0.0	-0.2197985405	0.01587242548	0.0001706517422	-0.03872774466	0.006026564092
768.0	0.429760909	0.0	-0.2199861574	0.01588627513	0.0001709942699	-0.03875791357	0.006032265172
769.0	0.4298246798	0.0	-0.2201735617	0.01590010944	0.0001713364242	-0.03878804719	0.006037959978
770.0	0.4298884103	0.0	-0.2203607537	0.01591392846	0.0001716782054	-0.03881814556	0.006043648515
771.0	0.4299520994	0.0	-0.2205477336	0.01592773218	0.000172019614	-0.03884820874	0.006049330792
772.0	0.4300157459	0.0	-0.2207345017	0.01594152062	0.0001723606505	-0.03887823675	0.006055006815
773.0	0.4300793485	0.0	-0.2209210581	0.01595529381	0.0001727013152	-0.03890822965	0.006060676591
774.0	0.4301429062	0.0	-0.221107403	0.01596905175	0.0001730416088	-0.03893818748	0.006066340127
775.0	0.4302064176	0.0	-0.2212935369	0.01598279446	0.0001733815316	-0.03896811028	0.00607199743
776.0	0.4302698815	0.0	-0.2214794597	0.01599652196	0.0001737210842	-0.03899799808	0.006077648506
777.0	0.4303332968	0.0	-0.2216651719	0.01601023426	0.000174060267	-0.03902785093	0.006083293362
778.0	0.4303966621	0.0	-0.2218506735	0.01602393137	0.0001743990805	-0.03905766886	0.006088932004
779.0	0.4304599763	0.0	-0.2220359649	0.0160376133	0.0001747375253	-0.03908745193	0.006094564437
780.0	0.4305232381	0.0	-0.2222210462	0.01605128008	0.0001750756018	-0.03911720016	0.006100190669
781.0	0.4305864462	0.0	-0.2224059176	0.01606493171	0.0001754133105	-0.03914691361	0.006105810705
782.0	0.4306495995	0.0	-0.2225905794	0.01607856821	0.0001757506521	-0.03917659229	0.00611142455
783.0	0.4307126968	0.0	-0.2227750318	0.01609218959	0.0001760876269	-0.03920623627	0.006117032211
784.0	0.4307757368	0.0	-0.222959275	0.01610579587	0.0001764242355	-0.03923584556	0.006122633693
785.0	0.4308387184	0.0	-0.2231433091	0.01611938705	0.0001767604785	-0.03926542022	0.006128229001
786.0	0.4309016404	0.0	-0.2233271345	0.01613296314	0.0001770963564	-0.03929496028	0.006133818141
787.0	0.4309645016	0.0	-0.2235107513	0.01614652417	0.0001774318697	-0.03932446578	0.006139401118
788.0	0.4310273008	0.0	-0.2236941597	0.01616007014	0.000177767019	-0.03935393675	0.006144977938
789.0	0.4310900371	0.0	-0.22387736	0.01617360107	0.0001781018047	-0.03938337324	0.006150548605
790.0	0.4311527092	0.0	-0.2240603522	0.01618711696	0.0001784362275	-0.03941277528	0.006156113125
791.0	0.4312153161	0.0	-0.2242431367	0.01620061782	0.0001787702879	-0.0394421429	0.006161671502
792.0	0.4312778568	0.0	-0.2244257137	0.01621410368	0.0001791039863	-0.03947147616	0.006167223742
793.0	0.4313403302	0.0	-0.2246080833	0.01622757454	0.0001794373235	-0.03950077507	0.006172769849
794.0	0.4314027354	0.0	-0.2247902457	0.01624103041	0.0001797702998	-0.03953003969	0.006178309828
795.0	0.4314650713	0.0	-0.2249722012	0.0162544713	0.0001801029158	-0.03955927004	0.006183843683
796.0	0.4315273371	0.0	-0.2251539499	0.01626789723	0.0001804351721	-0.03958846617	0.00618937142
797.0	0.4315895318	0.0	-0.225335492	0.0162813082	0.0001807670692	-0.0396176281	0.006194893043
798.0	0.4316516546	0.0	-0.2255168278	0.01629470423	0.0001810986077	-0.03964675589	0.006200408556
799.0	0.4317137046	0.0	-0.2256979575	0.01630808532	0.000181429788	-0.03967584956	0.006205917964
800.0	0.431775681	0.0	-0.2258788811	0.0163214515	0.0001817606108	-0.03970490915	0.006211421271
801.0	0.4318375831	0.0	-0.226059599	0.01633480276	0.0001820910765	-0.0397339347	0.006216918483
802.0	0.4318994101	0.0	-0.2262401114	0.01634813913	0.0001824211856	-0.03976292624	0.006222409602
803.0	0.4319611614	0.0	-0.2264204183	0.0163614606	0.0001827509387	-0.03979188382	0.006227894634
804.0	0.4320228361	0.0	-0.2266005201	0.0163747672	0.0001830803364	-0.03982080746	0.006233373583
805.0	0.4320844339	0.0	-0.2267804169	0.01638805893	0.000183409379	-0.03984969721	0.006238846453
806.0	0.4321459539	0.0	-0.2269601089	0.0164013358	0.0001837380672	-0.0398785531	0.006244313249
807.0	0.4322073958	0.0	-0.2271395964	0.01641459783	0.0001840664014	-0.03990737517	0.006249773975
808.0	0.4322687589	0.0	-0.2273188794	0.01642784503	0.0001843943822	-0.03993616345	0.006255228634
809.0	0.4323300428	0.0	-0.2274979583	0.0164410774	0.00018472201	-0.03996491799	0.006260677232
810.0	0.4323912471	0.0	-0.2276768332	0.01645429497	0.0001850492853	-0.03999363882	0.006266119773
811.0	0.4324523713	0.0	-0.2278555043	0.01646749773	0.0001853762087	-0.04002232597	0.006271556261
812.0	0.4325134151	0.0	-0.2280339718	0.0164806857	0.0001857027805	-0.04005097949	0.0062769867
813.0	0.4325743782	0.0	-0.2282122359	0.01649385889	0.0001860290014	-0.04007959941	0.006282411094
814.0	0.4326352603	0.0	-0.2283902969	0.01650701732	0.0001863548717	-0.04010818576	0.006287829448
815.0	0.432696061	0.0	-0.2285681548	0.01652016099	0.0001866803919	-0.0401367386	0.006293241766
816.0	0.4327567803	0.0	-0.2287458099	0.01653328992	0.0001870055625	-0.04016525795	0.006298648053
817.0	0.4328174178	0.0	-0.2289232625	0.01654640412	0.000187330384	-0.04019374384	0.006304048313
818.0	0.4328779736	0.0	-0.2291005127	0.01655950359	0.0001876548567	-0.04022219633	0.00630944255
819.0	0.4329384474	0.0	-0.2292775606	0.01657258836	0.0001879789812	-0.04025061545	0.006314830768
820.0	0.4329988391	0.0	-0.2294544066	0.01658565843	0.0001883027579	-0.04027900123	0.006320212973
821.0	0.4330591488	0.0	-0.2296310509	0.01659871382	0.0001886261871	-0.04030735371	0.006325589168
822.0	0.4331193764	0.0	-0.2298074935	0.01661175453	0.0001889492695	-0.04033567294	0.006330959358
823.0	0.433179522	0.0	-0.2299837348	0.01662478059	0.0001892720052	-0.04036395894	0.006336323548
824.0	0.4332395855	0.0	-0.2301597749	0.01663779199	0.0001895943949	-0.04039221177	0.006341681742
825.0	0.4332995671	0.0	-0.230335614	0.01665078877	0.0001899164388	-0.04042043145	0.006347033945
826.0	0.4333594669	0.0	-0.2305112524	0.01666377091	0.0001902381375	-0.04044861802	0.006352380161
827.0	0.4334192851	0.0	-0.2306866903	0.01667673845	0.0001905594912	-0.04047677153	0.006357720395
828.0	0.4334790217	0.0	-0.2308619278	0.0166896914	0.0001908805004	-0.04050489201	0.006363054652
829.0	0.433538677	0.0	-0.2310369652	0.01670262975	0.0001912011655	-0.04053297951	0.006368382937
830.0	0.4335982513	0.0	-0.2312118026	0.01671555354	0.0001915214868	-0.04056103406	0.006373705254
831.0	0.4336577447	0.0	-0.2313864404	0.01672846277	0.0001918414647	-0.04058905569	0.006379021608
832.0	0.4337171575	0.0	-0.2315608787	0.01674135745	0.0001921610996	-0.04061704446	0.006384332005
833.0	0.4337764901	0.0	-0.2317351176	0.01675423761	0.0001924803919	-0.0406450004	0.006389636449
834.0	0.4338357428	0.0	-0.2319091575	0.01676710325	0.0001927993419	-0.04067292355	0.006394934945
835.0	0.4338949158	0.0	-0.2320829986	0.01677995438	0.0001931179499	-0.04070081394	0.006400227499
836.0	0.4339540096	0.0	-0.232256641	0.01679279102	0.0001934362164	-0.04072867163	0.006405514115
837.0	0.4340130245	0.0	-0.232430085	0.01680561319	0.0001937541416	-0.04075649664	0.006410794798
838.0	0.434071961	0.0	-0.2326033307	0.0168184209	0.0001940717259	-0.04078428902	0.006416069554
839.0	0.4341308194	0.0	-0.2327763785	0.01683121416	0.0001943889696	-0.04081204882	0.006421338389
840.0	0.4341896001	0.0	-0.2329492285	0.01684399299	0.000194705873	-0.04083977606	0.006426601307
841.0	0.4342483037	0.0	-0.2331218809	0.0168567574	0.0001950224365	-0.04086747079	0.006431858314
842.0	0.4343069305	0.0	-0.233294336	0.0168695074	0.0001953386604	-0.04089513305	0.006437109414
843.0	0.4343654811	0.0	-0.2334665939	0.01688224302	0.000195654545	-0.04092276288	0.006442354615
844.0	0.434423956	0.0	-0.233638655	0.01689496426	0.0001959700906	-0.04095036033	0.006447593921
845.0	0.4344823555	0.0	-0.2338105194	0.01690767114	0.0001962852976	-0.04097792542	0.006452827338
846.0	0.4345406802	0.0	-0.2339821873	0.01692036368	0.0001966001661	-0.04100545821	0.006458054871
847.0	0.4345989307	0.0	-0.2341536589	0.01693304189	0.0001969146965	-0.04103295873	0.006463276527
848.0	0.4346571074	0.0	-0.2343249346	0.01694570579	0.0001972288892	-0.04106042703	0.00646849231
849.0	0.4347152109	0.0	-0.2344960144	0.01695835538	0.0001975427443	-0.04108786314	0.006473702227
850.0	0.4347732417	0.0	-0.2346668987	0.0169709907	0.0001978562622	-0.04111526711	0.006478906284
851.0	0.4348312003	0.0	-0.2348375876	0.01698361175	0.0001981694432	-0.04114263897	0.006484104486
852.0	0.4348890872	0.0	-0.2350080814	0.01699621854	0.0001984822875	-0.04116997877	0.006489296839
853.0	0.4349469031	0.0	-0.2351783803	0.0170088111	0.0001987947954	-0.04119728655	0.006494483349
854.0	0.4350046484	0.0	-0.2353484845	0.01702138945	0.0001991069672	-0.04122456236	0.006499664023
855.0	0.4350623236	0.0	-0.2355183942	0.01703395358	0.0001994188032	-0.04125180622	0.006504838866
856.0	0.4351199294	0.0	-0.2356881098	0.01704650353	0.0001997303036	-0.04127901819	0.006510007885
857.0	0.4351774662	0.0	-0.2358576313	0.01705903931	0.0002000414687	-0.0413061983	0.006515171085
858.0	0.4352349346	0.0	-0.2360269591	0.01707156093	0.0002003522988	-0.04133334659	0.006520328473
859.0	0.4352923352	0.0	-0.2361960933	0.01708406841	0.0002006627941	-0.04136046311	0.006525480055
860.0	0.4353496683	0.0	-0.2363650342	0.01709656176	0.0002009729549	-0.0413875479	0.006530625837
861.0	0.4354069346	0.0	-0.2365337819	0.01710904101	0.0002012827815	-0.041414601	0.006535765825
862.0	0.4354641346	0.0	-0.2367023369	0.01712150617	0.000201592274	-0.04144162245	0.006540900027
863.0	0.4355212688	0.0	-0.2368706991	0.01713395726	0.0002019014328	-0.04146861229	0.006546028447
864.0	0.4355783377	0.0	-0.237038869	0.01714639428	0.0002022102582	-0.04149557056	0.006551151093
865.0	0.4356353418	0.0	-0.2372068467	0.01715881727	0.0002025187503	-0.0415224973	0.00655626797
866.0	0.4356922816	0.0	-0.2373746324	0.01717122623	0.0002028269095	-0.04154939256	0.006561379086
867.0	0.4357491575	0.0	-0.2375422264	0.01718362118	0.0002031347359	-0.04157625637	0.006566484447
868.0	0.4358059701	0.0	-0.2377096289	0.01719600214	0.0002034422299	-0.04160308878	0.006571584059
869.0	0.4358627197	0.0	-0.2378768401	0.01720836912	0.0002037493916	-0.04162988983	0.006576677929
870.0	0.4359194069	0.0	-0.2380438603	0.01722072215	0.0002040562215	-0.04165665955	0.006581766062
871.0	0.4359760321	0.0	-0.2382106896	0.01723306123	0.0002043627196	-0.041683398	0.006586848467
872.0	0.4360325957	0.0	-0.2383773284	0.01724538639	0.0002046688863	-0.0417101052	0.006591925149
873.0	0.4360890981	0.0	-0.2385437768	0.01725769764	0.0002049747217	-0.04173678121	0.006596996115
874.0	0.4361455398	0.0	-0.238710035	0.01726999499	0.0002052802263	-0.04176342605	0.006602061371
875.0	0.436201921	0.0	-0.2388761034	0.01728227848	0.0002055854001	-0.04179003978	0.006607120924
876.0	0.4362582423	0.0	-0.239041982	0.0172945481	0.0002058902436	-0.04181662243	0.006612174781
877.0	0.436314504	0.0	-0.2392076712	0.01730680388	0.0002061947568	-0.04184317404	0.006617222948
878.0	0.4363707064	0.0	-0.2393731712	0.01731904583	0.0002064989402	-0.04186969465	0.006622265433
879.0	0.4364268498	0.0	-0.2395384822	0.01733127398	0.0002068027938	-0.04189618431	0.00662730224
880.0	0.4364829347	0.0	-0.2397036043	0.01734348833	0.0002071063181	-0.04192264305	0.006632333378
881.0	0.4365389612	0.0	-0.239868538	0.01735568891	0.0002074095132	-0.04194907092	0.006637358852
882.0	0.4365949298	0.0	-0.2400332833	0.01736787573	0.0002077123795	-0.04197546795	0.00664237867
883.0	0.4366508406	0.0	-0.2401978404	0.01738004881	0.0002080149171	-0.04200183418	0.006647392838
884.0	0.436706694	0.0	-0.2403622098	0.01739220816	0.0002083171263	-0.04202816965	0.006652401363
885.0	0.4367624903	0.0	-0.2405263914	0.0174043538	0.0002086190075	-0.04205447441	0.006657404251
886.0	0.4368182296	0.0	-0.2406903856	0.01741648574	0.0002089205608	-0.04208074849	0.006662401508
887.0	0.4368739122	0.0	-0.2408541926	0.01742860401	0.0002092217866	-0.04210699193	0.006667393143
888.0	0.4369295383	0.0	-0.2410178126	0.01744070862	0.0002095226851	-0.04213320478	0.00667237916
889.0	0.4369851081	0.0	-0.2411812459	0.01745279959	0.0002098232566	-0.04215938706	0.006677359567
890.0	0.4370406218	0.0	-0.2413444926	0.01746487693	0.0002101235013	-0.04218553883	0.006682334371
891.0	0.4370960796	0.0	-0.241507553	0.01747694065	0.0002104234195	-0.04221166011	0.006687303577
892.0	0.4371514816	0.0	-0.2416704273	0.01748899078	0.0002107230115	-0.04223775095	0.006692267193
893.0	0.437206828	0.0	-0.2418331157	0.01750102733	0.0002110222777	-0.04226381139	0.006697225225
894.0	0.4372621189	0.0	-0.2419956184	0.01751305032	0.0002113212181	-0.04228984146	0.00670217768
895.0	0.4373173544	0.0	-0.2421579357	0.01752505976	0.0002116198332	-0.04231584121	0.006707124564
896.0	0.4373725347	0.0	-0.2423200678	0.01753705567	0.0002119181233	-0.04234181066	0.006712065883
897.0	0.4374276598	0.0	-0.2424820149	0.01754903807	0.0002122160885	-0.04236774987	0.006717001645
898.0	0.4374827298	0.0	-0.2426437772	0.01756100696	0.0002125137293	-0.04239365887	0.006721931855
899.0	0.4375377448	0.0	-0.2428053549	0.01757296237	0.0002128110458	-0.04241953769	0.00672685652
900.0	0.4375927048	0.0	-0.2429667483	0.01758490431	0.0002131080384	-0.04244538638	0.006731775647
901.0	0.43764761	0.0	-0.2431279575	0.0175968328	0.0002134047073	-0.04247120497	0.006736689242
902.0	0.4377024602	0.0	-0.2432889828	0.01760874786	0.0002137010529	-0.04249699351	0.006741597311
903.0	0.4377572557	0.0	-0.2434498244	0.01762064949	0.0002139970755	-0.04252275201	0.006746499861
904.0	0.4378119962	0.0	-0.2436104825	0.01763253771	0.0002142927754	-0.04254848054	0.006751396899
905.0	0.437866682	0.0	-0.2437709573	0.01764441255	0.0002145881528	-0.04257417912	0.006756288429
906.0	0.4379213129	0.0	-0.243931249	0.01765627401	0.000214883208	-0.04259984778	0.00676117446
907.0	0.4379758889	0.0	-0.2440913579	0.01766812211	0.0002151779414	-0.04262548658	0.006766054996
908.0	0.4380304101	0.0	-0.2442512842	0.01767995687	0.0002154723533	-0.04265109554	0.006770930045
909.0	0.4380848764	0.0	-0.244411028	0.0176917783	0.000215766444	-0.04267667469	0.006775799612
910.0	0.4381392877	0.0	-0.2445705896	0.01770358641	0.0002160602137	-0.04270222409	0.006780663705
911.0	0.438193644	0.0	-0.2447299692	0.01771538122	0.0002163536629	-0.04272774376	0.006785522328
912.0	0.4382479452	0.0	-0.2448891669	0.01772716275	0.0002166467917	-0.04275323374	0.006790375488
913.0	0.4383021913	0.0	-0.2450481831	0.01773893101	0.0002169396006	-0.04277869407	0.006795223192
914.0	0.4383563823	0.0	-0.2452070179	0.01775068602	0.0002172320898	-0.04280412478	0.006800065445
915.0	0.4384105179	0.0	-0.2453656715	0.01776242779	0.0002175242597	-0.04282952591	0.006804902254
916.0	0.4384645982	0.0	-0.2455241442	0.01777415633	0.0002178161105	-0.0428548975	0.006809733625
917.0	0.438518623	0.0	-0.2456824361	0.01778587166	0.0002181076427	-0.04288023958	0.006814559563
918.0	0.4385725923	0.0	-0.2458405474	0.01779757379	0.0002183988564	-0.04290555218	0.006819380075
919.0	0.4386265059	0.0	-0.2459984784	0.01780926275	0.0002186897521	-0.04293083535	0.006824195167
920.0	0.4386803638	0.0	-0.2461562292	0.01782093853	0.0002189803301	-0.04295608912	0.006829004844
921.0	0.4387341658	0.0	-0.2463138001	0.01783260117	0.0002192705907	-0.04298131352	0.006833809114
922.0	0.4387879119	0.0	-0.2464711912	0.01784425066	0.0002195605342	-0.04300650859	0.00683860798
923.0	0.4388416019	0.0	-0.2466284028	0.01785588703	0.0002198501609	-0.04303167437	0.006843401451
924.0	0.4388952357	0.0	-0.2467854351	0.0178675103	0.0002201394712	-0.04305681088	0.00684818953
925.0	0.4389488132	0.0	-0.2469422882	0.01787912046	0.0002204284654	-0.04308191818	0.006852972225
926.0	0.4390023342	0.0	-0.2470989624	0.01789071755	0.0002207171438	-0.04310699628	0.006857749541
927.0	0.4390557987	0.0	-0.2472554579	0.01790230156	0.0002210055068	-0.04313204523	0.006862521484
928.0	0.4391092065	0.0	-0.2474117748	0.01791387253	0.0002212935547	-0.04315706506	0.006867288059
929.0	0.4391625575	0.0	-0.2475679134	0.01792543045	0.0002215812879	-0.0431820558	0.006872049273
930.0	0.4392158515	0.0	-0.2477238739	0.01793697535	0.0002218687066	-0.04320701749	0.006876805131
931.0	0.4392690885	0.0	-0.2478796565	0.01794850724	0.0002221558112	-0.04323195017	0.006881555639
932.0	0.4393222684	0.0	-0.2480352613	0.01796002613	0.000222442602	-0.04325685387	0.006886300803
933.0	0.4393753909	0.0	-0.2481906886	0.01797153204	0.0002227290794	-0.04328172862	0.006891040628
934.0	0.439428456	0.0	-0.2483459386	0.01798302498	0.0002230152438	-0.04330657446	0.00689577512
935.0	0.4394814635	0.0	-0.2485010114	0.01799450496	0.0002233010953	-0.04333139142	0.006900504284
936.0	0.4395344133	0.0	-0.2486559073	0.01800597199	0.0002235866345	-0.04335617954	0.006905228127
937.0	0.4395873054	0.0	-0.2488106264	0.0180174261	0.0002238718615	-0.04338093884	0.006909946653
938.0	0.4396401396	0.0	-0.248965169	0.01802886729	0.0002241567768	-0.04340566938	0.006914659869
939.0	0.4396929157	0.0	-0.2491195353	0.01804029558	0.0002244413808	-0.04343037117	0.00691936778
940.0	0.4397456337	0.0	-0.2492737254	0.01805171098	0.0002247256736	-0.04345504425	0.006924070391
941.0	0.4397982934	0.0	-0.2494277395	0.01806311351	0.0002250096557	-0.04347968866	0.006928767709
942.0	0.4398508948	0.0	-0.2495815779	0.01807450317	0.0002252933274	-0.04350430443	0.006933459738
943.0	0.4399034377	0.0	-0.2497352407	0.01808587999	0.000225576689	-0.0435288916	0.006938146484
944.0	0.4399559221	0.0	-0.2498887281	0.01809724397	0.0002258597409	-0.04355345019	0.006942827952
945.0	0.4400083479	0.0	-0.2500420404	0.01810859513	0.0002261424834	-0.04357798025	0.006947504149
946.0	0.4400607148	0.0	-0.2501951777	0.01811993348	0.0002264249169	-0.0436024818	0.006952175079
947.0	0.440113023	0.0	-0.2503481401	0.01813125904	0.0002267070417	-0.04362695487	0.006956840748
948.0	0.4401652723	0.0	-0.250500928	0.01814257181	0.000226988858	-0.04365139952	0.006961501161
949.0	0.4402174625	0.0	-0.2506535415	0.01815387182	0.0002272703664	-0.04367581575	0.006966156324
950.0	0.4402695937	0.0	-0.2508059807	0.01816515907	0.000227551567	-0.04370020362	0.006970806242
951.0	0.4403216657	0.0	-0.250958246	0.01817643358	0.0002278324602	-0.04372456315	0.006975450921
952.0	0.4403736786	0.0	-0.2511103374	0.01818769536	0.0002281130464	-0.04374889438	0.006980090366
953.0	0.4404256322	0.0	-0.2512622552	0.01819894443	0.0002283933259	-0.04377319733	0.006984724583
954.0	0.4404775264	0.0	-0.2514139995	0.01821018079	0.000228673299	-0.04379747205	0.006989353576
955.0	0.4405293613	0.0	-0.2515655706	0.01822140447	0.0002289529661	-0.04382171857	0.006993977351
956.0	0.4405811368	0.0	-0.2517169686	0.01823261547	0.0002292323274	-0.04384593691	0.006998595914
957.0	0.4406328529	0.0	-0.2518681938	0.0182438138	0.0002295113834	-0.04387012712	0.007003209269
958.0	0.4406845094	0.0	-0.2520192462	0.01825499949	0.0002297901343	-0.04389428922	0.007007817423
959.0	0.4407361064	0.0	-0.2521701262	0.01826617254	0.0002300685805	-0.04391842325	0.00701242038
960.0	0.4407876439	0.0	-0.2523208339	0.01827733297	0.0002303467222	-0.04394252924	0.007017018146
961.0	0.4408391219	0.0	-0.2524713695	0.01828848079	0.0002306245599	-0.04396660723	0.007021610727
962.0	0.4408905402	0.0	-0.2526217332	0.01829961601	0.0002309020939	-0.04399065724	0.007026198127
963.0	0.440941899	0.0	-0.2527719251	0.01831073864	0.0002311793244	-0.04401467932	0.007030780351
964.0	0.4409931982	0.0	-0.2529219455	0.01832184871	0.0002314562519	-0.04403867349	0.007035357406
965.0	0.4410444378	0.0	-0.2530717946	0.01833294622	0.0002317328765	-0.04406263978	0.007039929296
966.0	0.4410956178	0.0	-0.2532214725	0.01834403118	0.0002320091987	-0.04408657824	0.007044496027
967.0	0.4411467383	0.0	-0.2533709795	0.01835510361	0.0002322852188	-0.04411048889	0.007049057604
968.0	0.4411977992	0.0	-0.2535203157	0.01836616353	0.0002325609371	-0.04413437176	0.007053614033
969.0	0.4412488006	0.0	-0.2536694813	0.01837721094	0.0002328363538	-0.04415822689	0.007058165318
970.0	0.4412997425	0.0	-0.2538184765	0.01838824585	0.0002331114694	-0.04418205432	0.007062711465
971.0	0.441350625	0.0	-0.2539673015	0.01839926829	0.0002333862841	-0.04420585406	0.00706725248
972.0	0.441401448	0.0	-0.2541159565	0.01841027827	0.0002336607983	-0.04422962617	0.007071788367
973.0	0.4414522117	0.0	-0.2542644416	0.01842127579	0.0002339350123	-0.04425337066	0.007076319132
974.0	0.441502916	0.0	-0.2544127571	0.01843226087	0.0002342089264	-0.04427708758	0.00708084478
975.0	0.4415535611	0.0	-0.2545609032	0.01844323352	0.0002344825408	-0.04430077695	0.007085365317
976.0	0.4416041469	0.0	-0.25470888	0.01845419376	0.000234755856	-0.0443244388	0.007089880747
977.0	0.4416546736	0.0	-0.2548566878	0.0184651416	0.0002350288722	-0.04434807318	0.007094391077
978.0	0.4417051412	0.0	-0.2550043267	0.01847607706	0.0002353015897	-0.04437168011	0.007098896311
979.0	0.4417555497	0.0	-0.2551517968	0.01848700014	0.0002355740089	-0.04439525963	0.007103396455
980.0	0.4418058993	0.0	-0.2552990985	0.01849791086	0.00023584613	-0.04441881176	0.007107891515
981.0	0.44185619	0.0	-0.2554462319	0.01850880924	0.0002361179533	-0.04444233655	0.007112381494
982.0	0.441906422	0.0	-0.2555931971	0.01851969528	0.0002363894793	-0.04446583402	0.007116866399
983.0	0.4419565952	0.0	-0.2557399944	0.01853056899	0.0002366607081	-0.0444893042	0.007121346235
984.0	0.4420067098	0.0	-0.255886624	0.01854143041	0.00023693164	-0.04451274713	0.007125821008
985.0	0.4420567658	0.0	-0.256033086	0.01855227952	0.0002372022755	-0.04453616285	0.007130290722
986.0	0.4421067635	0.0	-0.2561793806	0.01856311636	0.0002374726147	-0.04455955138	0.007134755384
987.0	0.4421567028	0.0	-0.256325508	0.01857394093	0.000237742658	-0.04458291275	0.007139214997
988.0	0.4422065838	0.0	-0.2564714685	0.01858475324	0.0002380124056	-0.044606247	0.007143669569
989.0	0.4422564067	0.0	-0.2566172621	0.01859555331	0.000238281858	-0.04462955416	0.007148119103
990.0	0.4423061716	0.0	-0.2567628891	0.01860634116	0.0002385510153	-0.04465283427	0.007152563606
991.0	0.4423558786	0.0	-0.2569083497	0.01861711678	0.0002388198778	-0.04467608735	0.007157003082
992.0	0.4424055278	0.0	-0.2570536441	0.01862788021	0.000239088446	-0.04469931344	0.007161437537
993.0	0.4424551192	0.0	-0.2571987724	0.01863863145	0.0002393567199	-0.04472251257	0.007165866977
994.0	0.4425046531	0.0	-0.2573437348	0.01864937051	0.0002396247001	-0.04474568477	0.007170291407
995.0	0.4425541295	0.0	-0.2574885316	0.01866009742	0.0002398923867	-0.04476883008	0.007174710832
996.0	0.4426035486	0.0	-0.2576331628	0.01867081217	0.00024015978	-0.04479194852	0.007179125257
997.0	0.4426529104	0.0	-0.2577776288	0.01868151479	0.0002404268804	-0.04481504013	0.007183534688
998.0	0.4427022152	0.0	-0.2579219296	0.01869220528	0.000240693688	-0.04483810495	0.00718793913
999.0	0.4427514629	0.0	-0.2580660656	0.01870288367	0.0002409602033	-0.044861143	0.007192338589
1000.0	0.4428006538	0.0	-0.2582100367	0.01871354996	0.0002412264265	-0.04488415431	0.00719673307
