# (1)t	# (2) P[3<--1](t)	# (3) P[3<--2](t)	# (4) P[3<--3](t)	# (5) P[3<--4](t)	# (6) P[3<--5](t)	# (7) P[3<--6](t)	# (8) P[3<--7](t)
0.0	0.0	0.0	0.0	0.0	0.0	0.0	0.0
1.0	1.072199215e-6	6.953862972e-9	0.0	-6.986425459e-10	2.962179879e-11	-4.112856303e-10	1.450781512e-10
2.0	4.282805544e-6	6.942766427e-8	0.0	-6.980019332e-9	2.960715121e-10	-4.102082312e-9	1.44797159e-9
3.0	9.614430895e-6	3.117358999e-7	0.0	-3.137220625e-8	1.331528176e-9	-1.839183319e-8	6.498435273e-9
4.0	1.703918798e-5	9.39383297e-7	0.0	-9.466689701e-8	4.021278032e-9	-5.53128926e-8	1.957006353e-8
5.0	2.651932874e-5	2.236652244e-6	0.0	-2.257982173e-7	9.601630319e-9	-1.313708267e-7	4.65593535e-8
6.0	3.800792261e-5	4.563357835e-6	0.0	-4.616839585e-7	1.965734162e-8	-2.672219441e-7	9.490393867e-8
7.0	5.144958526e-5	8.350838876e-6	0.0	-8.470325857e-7	3.611856177e-8	-4.872760439e-7	1.734818682e-7
8.0	6.678125609e-5	1.409725761e-5	0.0	-1.434118813e-6	6.125725691e-8	-8.192332492e-7	2.924939427e-7
9.0	8.393301805e-5	2.236228486e-5	0.0	-2.282530111e-6	9.768301898e-8	-1.293564543e-6	4.633312398e-7
10.0	0.0001028289517	3.37612505e-5	0.0	-3.458886138e-6	1.483381333e-7	-1.942946211e-6	6.984300626e-7
11.0	0.0001233880147	4.895884135e-5	0.0	-5.036532787e-6	2.164917461e-7	-2.801658795e-6	1.011116615e-6
12.0	0.0001455249374	6.866242973e-5	0.0	-7.095212257e-6	3.057329521e-7	-3.90496135e-6	1.415443732e-6
13.0	0.0001691511258	9.361511443e-5	0.0	-9.72071025e-6	4.199626063e-7	-5.288451708e-6	1.926021989e-6
14.0	0.0001941755634	0.0001245885585	0.0	-1.300448133e-5	5.633836544e-7	-6.987423621e-6	2.557847518e-6
15.0	0.0002205057033	0.0001623757024	0.0	-1.704325336e-5	7.404897991e-7	-9.036230774e-6	3.326128762e-6
16.0	0.0002480483428	0.0002077834303	0.0	-2.193861152e-5	9.560522768e-7	-1.146766779e-5	4.246114322e-6
17.0	0.0002767104741	0.0002616252638	0.0	-2.7796563e-5	1.215104616e-6	-1.431237698e-5	5.332923933e-6
18.0	0.0003064001031	0.0003247141568	0.0	-3.472708269e-5	1.522925171e-6	-1.759829024e-5	6.601384606e-6
19.0	0.000337027032	0.000397855449	0.0	-4.284364087e-5	1.885017335e-6	-2.135011238e-5	8.065873478e-6
20.0	0.0003685035987	0.0004818400478	0.0	-5.226271399e-5	2.307087355e-6	-2.558885366e-5	9.740169206e-6
21.0	0.0004007453699	0.0005774378918	0.0	-6.310327899e-5	2.795019629e-6	-3.033141742e-5	1.163731331e-5
22.0	0.0004336717826	0.0006853917414	0.0	-7.548629302e-5	3.35484954e-6	-3.559024647e-5	1.376948258e-5
23.0	0.0004672067317	0.0008064113465	0.0	-8.953415939e-5	3.992733794e-6	-4.137303323e-5	1.614787371e-5
24.0	0.0005012791001	0.0009411680267	0.0	-0.0001053701816	4.714918359e-6	-4.768249542e-5	1.878260113e-5
25.0	0.0005358232303	0.001090289696	0.0	-0.0001231180074	5.527704104e-6	-5.451621948e-5	2.168260845e-5
26.0	0.0005707793354	0.001254356359	0.0	-0.0001429010643	6.437410284e-6	-6.186657208e-5	2.485559426e-5
27.0	0.0006060938485	0.001433896103	0.0	-0.0001648419893	7.450336086e-6	-6.972067956e-5	2.83079524e-5
28.0	0.0006417197118	0.00162938159	0.0	-0.0001890620559	8.572720441e-6	-7.806047401e-5	3.204472694e-5
29.0	0.0006776166031	0.001841227072	0.0	-0.0002156805994	9.8107004e-6	-8.686280382e-5	3.60695817e-5
30.0	0.0007137511032	0.002069785928	0.0	-0.0002448144446	1.117026835e-5	-9.6099606e-5	4.038478411e-5
31.0	0.0007500968035	0.002315348711	0.0	-0.0002765773393	1.265722844e-5	-0.0001057381365	4.499120314e-5
32.0	0.0007866343572	0.002578141722	0.0	-0.0003110793953	1.427715251e-5	-0.0001157412541	4.988832056e-5
33.0	0.0008233514742	0.002858326083	0.0	-0.0003484265414	1.603533599e-5	-0.0001260677542	5.507425511e-5
34.0	0.000860242864	0.003155997299	0.0	-0.0003887199915	1.793675406e-5	-0.0001366727447	6.054579863e-5
35.0	0.0008973101285	0.003471185298	0.0	-0.0004320557307	1.998601856e-5	-0.0001475080619	6.62984634e-5
36.0	0.0009345616074	0.003803854924	0.0	-0.0004785240234	2.2187336e-5	-0.0001585227177	7.232653978e-5
37.0	0.0009720121801	0.004153906858	0.0	-0.000528208946	2.454446708e-5	-0.0001696633726	7.862316299e-5
38.0	0.001009683027	0.004521178946	0.0	-0.0005811879487	2.706068813e-5	-0.0001808748302	8.518038811e-5
39.0	0.001047601352	0.004905447902	0.0	-0.0006375314479	2.973875484e-5	-0.0001921005436	9.198927219e-5
40.0	0.001085800078	0.00530643136	0.0	-0.0006973024534	3.258086869e-5	-0.0002032831315	9.903996223e-5
41.0	0.001124317505	0.005723790244	0.0	-0.0007605562327	3.558864631e-5	-0.0002143648943	0.0001063217881
42.0	0.001163196943	0.006157131421	0.0	-0.0008273400151	3.876309222e-5	-0.0002252883274	0.0001138233591
43.0	0.001202486331	0.006606010607	0.0	-0.0008976927378	4.21045752e-5	-0.0002359966242	0.000121532663
44.0	0.00124223783	0.007069935499	0.0	-0.0009716448357	4.561280845e-5	-0.0002464341644	0.0001294371671
45.0	0.001282507398	0.00754836909	0.0	-0.001049218078	4.92868339e-5	-0.0002565469833	0.000137523919
46.0	0.001323354366	0.008040733144	0.0	-0.001130425448	5.312501079e-5	-0.0002662832162	0.0001457796476
47.0	0.00136484099	0.008546411796	0.0	-0.001215271079	5.71250086e-5	-0.0002755935152	0.0001541908622
48.0	0.001407032017	0.009064755244	0.0	-0.00130375023	6.128380452e-5	-0.000284431435	0.0001627439495
49.0	0.001449994228	0.00959508351	0.0	-0.001395849313	6.559768549e-5	-0.000292753783	0.0001714252678
50.0	0.001493796002	0.01013669023	0.0	-0.001491545975	7.006225475e-5	-0.0003005209338	0.0001802212364
51.0	0.001538506873	0.01068884647	0.0	-0.001590809217	7.467244303e-5	-0.0003076971034	0.0001891184219
52.0	0.001584197097	0.01125080451	0.0	-0.001693599572	7.942252409e-5	-0.0003142505835	0.0001981036183
53.0	0.001630937229	0.01182180156	0.0	-0.001799869324	8.430613471e-5	-0.0003201539342	0.0002071639222
54.0	0.00167879771	0.01240106352	0.0	-0.001909562767	8.931629885e-5	-0.0003253841345	0.000216286802
55.0	0.001727848469	0.01298780849	0.0	-0.002022616516	9.444545578e-5	-0.0003299226905	0.0002254601607
56.0	0.001778158541	0.01358125035	0.0	-0.002138959851	9.968549213e-5	-0.0003337557024	0.0002346723926
57.0	0.001829795701	0.01418060209	0.0	-0.002258515103	0.0001050277773	-0.0003368738898	0.0002439124327
58.0	0.001882826118	0.01478507907	0.0	-0.002381198077	0.0001104632024	-0.0003392725777	0.0002531698002
59.0	0.001937314023	0.01539390215	0.0	-0.002506918496	0.0001159822216	-0.0003409516444	0.0002624346346
60.0	0.00199332141	0.01600630057	0.0	-0.00263558049	0.0001215748972	-0.0003419154324	0.0002716977258
61.0	0.002050907745	0.01662151478	0.0	-0.0027670831	0.0001272309455	-0.0003421726262	0.0002809505366
62.0	0.002110129706	0.01723879901	0.0	-0.002901320804	0.0001329397858	-0.0003417360972	0.0002901852202
63.0	0.002171040944	0.0178574237	0.0	-0.003038184068	0.0001386905904	-0.0003406227201	0.0002993946307
64.0	0.002233691864	0.01847667771	0.0	-0.003177559901	0.0001444723359	-0.0003388531627	0.0003085723273
65.0	0.002298129435	0.01909587037	0.0	-0.003319332434	0.0001502738554	-0.0003364516526	0.0003177125744
66.0	0.002364397015	0.01971433335	0.0	-0.003463383495	0.000156083891	-0.0003334457227	0.000326810335
67.0	0.002432534208	0.02033142227	0.0	-0.00360959319	0.000161891146	-0.0003298659402	0.0003358612601
68.0	0.002502576737	0.02094651821	0.0	-0.003757840485	0.0001676843379	-0.0003257456208	0.0003448616736
69.0	0.002574556345	0.02155902899	0.0	-0.003908003785	0.0001734522491	-0.0003211205318	0.000353808553
70.0	0.00264850071	0.02216839023	0.0	-0.004059961501	0.0001791837782	-0.000316028587	0.0003626995068
71.0	0.002724433387	0.02277406632	0.0	-0.004213592605	0.0001848679888	-0.0003105095367	0.0003715327482
72.0	0.002802373772	0.02337555111	0.0	-0.00436877718	0.0001904941573	-0.0003046046555	0.000380307067
73.0	0.00288233708	0.02397236856	0.0	-0.004525396938	0.0001960518183	-0.0002983564298	0.0003890217987
74.0	0.002964334345	0.02456407305	0.0	-0.004683335733	0.0002015308082	-0.0002918082491	0.0003976767917
75.0	0.003048372438	0.02515024975	0.0	-0.004842480033	0.0002069213062	-0.0002850041031	0.0004062723736
76.0	0.003134454102	0.02573051467	0.0	-0.005002719387	0.0002122138729	-0.0002779882855	0.000414809316
77.0	0.003222578	0.02630451466	0.0	-0.005163946843	0.0002173994852	-0.0002708051089	0.000423288799
78.0	0.003312738783	0.02687192727	0.0	-0.005326059357	0.0002224695695	-0.0002634986308	0.0004317123756
79.0	0.003404927165	0.02743246043	0.0	-0.005488958153	0.0002274160309	-0.0002561123935	0.0004400819356
80.0	0.003499130018	0.02798585216	0.0	-0.005652549061	0.0002322312793	-0.0002486891784	0.0004483996707
81.0	0.003595330476	0.02853186999	0.0	-0.005816742819	0.0002369082522	-0.000241270777	0.00045666804
82.0	0.003693508045	0.02907031045	0.0	-0.005981455337	0.0002414404347	-0.0002338977789	0.000464889736
83.0	0.00379363873	0.02960099839	0.0	-0.00614660793	0.0002458218753	-0.0002266093784	0.0004730676526
84.0	0.003895695163	0.03012378622	0.0	-0.006312127513	0.0002500471988	-0.0002194431985	0.0004812048541
85.0	0.003999646749	0.03063855315	0.0	-0.006477946763	0.0002541116159	-0.0002124351355	0.0004893045459
86.0	0.004105459805	0.03114520431	0.0	-0.00664400424	0.0002580109292	-0.0002056192221	0.0004973700463
87.0	0.004213097715	0.03164366982	0.0	-0.006810244482	0.0002617415365	-0.0001990275098	0.0005054047616
88.0	0.004322521086	0.03213390386	0.0	-0.006976618055	0.0002653004303	-0.000192689971	0.0005134121612
89.0	0.004433687905	0.0326158837	0.0	-0.007143081578	0.000268685195	-0.0001866344198	0.0005213957564
90.0	0.004546553707	0.03308960862	0.0	-0.007309597714	0.0002718940007	-0.0001808864507	0.0005293590802
91.0	0.004661071733	0.03355509896	0.0	-0.007476135125	0.0002749255949	-0.0001754693966	0.0005373056693
92.0	0.0047771931	0.03401239499	0.0	-0.007642668402	0.0002777792904	-0.0001704043025	0.0005452390482
93.0	0.004894866967	0.0344615559	0.0	-0.007809177966	0.0002804549527	-0.0001657099163	0.0005531627156
94.0	0.005014040698	0.03490265871	0.0	-0.007975649941	0.0002829529833	-0.0001614026952	0.0005610801318
95.0	0.005134660032	0.03533579722	0.0	-0.008142076001	0.0002852743019	-0.0001574968261	0.0005689947091
96.0	0.005256669244	0.03576108097	0.0	-0.008308453197	0.0002874203273	-0.0001540042601	0.0005769098029
97.0	0.005380011308	0.03617863416	0.0	-0.008474783762	0.000289392955	-0.0001509347586	0.0005848287051
98.0	0.005504628054	0.03658859466	0.0	-0.008641074896	0.0002911945354	-0.0001482959513	0.000592754639
99.0	0.005630460331	0.03699111295	0.0	-0.008807338532	0.000292827849	-0.0001460934035	0.0006006907553
100.0	0.005757448155	0.0373863512	0.0	-0.008973591089	0.0002942960815	-0.0001443306936	0.0006086401297
101.0	0.00588553086	0.03777448223	0.0	-0.009139853215	0.0002956027982	-0.0001430094966	0.0006166057618
102.0	0.006014647247	0.03815568861	0.0	-0.009306149512	0.0002967519168	-0.0001421296759	0.0006245905744
103.0	0.006144735723	0.03853016173	0.0	-0.009472508257	0.0002977476807	-0.0001416893793	0.0006325974145
104.0	0.006275734439	0.03889810095	0.0	-0.009638961112	0.0002985946315	-0.0001416851402	0.0006406290546
105.0	0.006407581422	0.03925971269	0.0	-0.009805542834	0.0002992975814	-0.0001421119818	0.000648688195
106.0	0.006540214708	0.03961520964	0.0	-0.009972290974	0.0002998615859	-0.0001429635233	0.000656777466
107.0	0.006673572457	0.03996480999	0.0	-0.01013924558	0.0003002919163	-0.0001442320885	0.0006648994314
108.0	0.006807593079	0.04030873663	0.0	-0.01030644891	0.0003005940327	-0.0001459088134	0.0006730565913
109.0	0.006942215341	0.04064721645	0.0	-0.01047394512	0.0003007735579	-0.0001479837552	0.0006812513859
110.0	0.007077378479	0.04098047965	0.0	-0.01064177995	0.0003008362506	-0.0001504459985	0.0006894861989
111.0	0.007213022297	0.04130875907	0.0	-0.0108100005	0.0003007879811	-0.0001532837608	0.0006977633612
112.0	0.00734908727	0.04163228958	0.0	-0.01097865488	0.0003006347061	-0.0001564844952	0.0007060851537
113.0	0.00748551463	0.04195130744	0.0	-0.01114779196	0.0003003824454	-0.0001600349903	0.0007144538114
114.0	0.007622246457	0.04226604981	0.0	-0.01131746111	0.0003000372593	-0.0001639214663	0.0007228715254
115.0	0.007759225762	0.04257675415	0.0	-0.01148771192	0.0002996052264	-0.0001681296676	0.0007313404461
116.0	0.007896396561	0.04288365775	0.0	-0.01165859395	0.0002990924239	-0.000172644951	0.0007398626853
117.0	0.008033703951	0.04318699724	0.0	-0.01183015653	0.000298504907	-0.0001774523691	0.0007484403178
118.0	0.008171094172	0.04348700815	0.0	-0.01200244846	0.0002978486913	-0.00018253675	0.0007570753832
119.0	0.008308514679	0.0437839245	0.0	-0.01217551788	0.0002971297353	-0.0001878827708	0.0007657698864
120.0	0.00844591419	0.04407797836	0.0	-0.01234941197	0.0002963539242	-0.000193475027	0.0007745257981
121.0	0.008583242746	0.04436939953	0.0	-0.01252417684	0.0002955270551	-0.0001992980967	0.000783345055
122.0	0.00872045176	0.04465841518	0.0	-0.01269985731	0.0002946548233	-0.0002053365999	0.0007922295592
123.0	0.008857494058	0.04494524948	0.0	-0.01287649675	0.0002937428096	-0.0002115752523	0.0008011811768
124.0	0.008994323927	0.04523012337	0.0	-0.01305413692	0.0002927964686	-0.0002179989151	0.0008102017369
125.0	0.009130897143	0.04551325421	0.0	-0.01323281783	0.0002918211189	-0.0002245926392	0.0008192930295
126.0	0.009267171011	0.04579485556	0.0	-0.01341257764	0.0002908219333	-0.0002313417052	0.0008284568032
127.0	0.009403104394	0.04607513689	0.0	-0.0135934525	0.0002898039306	-0.0002382316592	0.0008376947624
128.0	0.009538657734	0.04635430341	0.0	-0.01377547647	0.0002887719688	-0.0002452483441	0.0008470085646
129.0	0.009673793079	0.0466325558	0.0	-0.01395868144	0.0002877307381	-0.0002523779265	0.0008563998166
130.0	0.009808474097	0.04691009003	0.0	-0.01414309703	0.0002866847563	-0.000259606921	0.000865870071
131.0	0.009942666098	0.0471870972	0.0	-0.01432875052	0.0002856383637	-0.0002669222096	0.0008754208228
132.0	0.01007633604	0.04746376337	0.0	-0.01451566681	0.0002845957196	-0.0002743110588	0.0008850535048
133.0	0.01020945254	0.04774026934	0.0	-0.01470386837	0.0002835607999	-0.0002817611336	0.0008947694837
134.0	0.01034198589	0.04801679062	0.0	-0.01489337522	0.000282537394	-0.0002892605079	0.0009045700559
135.0	0.01047390805	0.0482934972	0.0	-0.01508420484	0.0002815291044	-0.0002967976736	0.0009144564432
136.0	0.01060519263	0.04857055348	0.0	-0.01527637225	0.000280539345	-0.0003043615466	0.0009244297885
137.0	0.01073581495	0.04884811817	0.0	-0.01546988991	0.0002795713411	-0.000311941471	0.0009344911515
138.0	0.01086575195	0.04912634414	0.0	-0.0156647678	0.0002786281299	-0.0003195272212	0.0009446415046
139.0	0.01099498227	0.04940537842	0.0	-0.01586101336	0.0002777125612	-0.0003271090032	0.000954881729
140.0	0.01112348618	0.04968536205	0.0	-0.01605863156	0.0002768272983	-0.0003346774539	0.0009652126103
141.0	0.01125124557	0.04996643004	0.0	-0.01625762488	0.0002759748199	-0.0003422236388	0.0009756348357
142.0	0.011378244	0.05024871133	0.0	-0.01645799339	0.0002751574222	-0.0003497390497	0.0009861489897
143.0	0.01150446661	0.05053232871	0.0	-0.01665973472	0.0002743772209	-0.0003572156007	0.0009967555512
144.0	0.01162990012	0.05081739881	0.0	-0.01686284415	0.0002736361542	-0.0003646456239	0.001007454891
145.0	0.01175453287	0.05110403205	0.0	-0.01706731465	0.0002729359855	-0.0003720218641	0.001018247268
146.0	0.0118783547	0.05139233264	0.0	-0.01727313692	0.0002722783063	-0.0003793374734	0.001029132828
147.0	0.01200135702	0.05168239854	0.0	-0.01748029943	0.0002716645402	-0.0003865860054	0.001040111601
148.0	0.01212353272	0.05197432149	0.0	-0.01768878851	0.0002710959457	-0.0003937614083	0.001051183502
149.0	0.01224487617	0.05226818697	0.0	-0.0178985884	0.0002705736204	-0.000400858019	0.001062348324
150.0	0.0123653832	0.05256407426	0.0	-0.01810968129	0.0002700985048	-0.0004078705563	0.001073605742
151.0	0.01248505107	0.05286205643	0.0	-0.01832204744	0.000269671386	-0.0004147941133	0.001084955314
152.0	0.0126038784	0.05316220038	0.0	-0.01853566519	0.0002692929019	-0.0004216241514	0.001096396473
153.0	0.01272186519	0.05346456686	0.0	-0.01875051109	0.0002689635455	-0.0004283564924	0.001107928535
154.0	0.01283901277	0.05376921054	0.0	-0.01896655994	0.0002686836691	-0.0004349873116	0.001119550697
155.0	0.01295532373	0.05407618003	0.0	-0.01918378485	0.0002684534886	-0.0004415131304	0.001131262034
156.0	0.01307080196	0.05438551798	0.0	-0.01940215737	0.000268273088	-0.000447930809	0.001143061508
157.0	0.01318545252	0.05469726112	0.0	-0.01962164754	0.0002681424235	-0.0004542375391	0.001154947962
158.0	0.01329928169	0.05501144031	0.0	-0.01984222394	0.0002680613286	-0.0004604308359	0.001166920125
159.0	0.01341229685	0.05532808068	0.0	-0.02006385383	0.0002680295182	-0.0004665085309	0.001178976616
160.0	0.01352450652	0.05564720167	0.0	-0.02028650318	0.0002680465933	-0.0004724687635	0.001191115943
161.0	0.01363592025	0.05596881716	0.0	-0.02051013679	0.0002681120457	-0.0004783099738	0.001203336508
162.0	0.01374654863	0.05629293554	0.0	-0.02073471834	0.0002682252626	-0.0004840308938	0.001215636607
163.0	0.0138564032	0.05661955984	0.0	-0.02096021049	0.0002683855314	-0.0004896305396	0.001228014439
164.0	0.01396549646	0.05694868784	0.0	-0.02118657496	0.000268592044	-0.0004951082024	0.001240468102
165.0	0.01407384178	0.05728031219	0.0	-0.02141377261	0.0002688439022	-0.0005004634402	0.001252995604
166.0	0.01418145339	0.05761442055	0.0	-0.02164176351	0.0002691401219	-0.0005056960688	0.00126559486
167.0	0.01428834632	0.05795099569	0.0	-0.02187050705	0.0002694796378	-0.0005108061525	0.001278263701
168.0	0.01439453634	0.05829001569	0.0	-0.02209996198	0.0002698613088	-0.0005157939945	0.001290999876
169.0	0.01450003994	0.05863145401	0.0	-0.02233008652	0.000270283922	-0.000520660128	0.001303801056
170.0	0.0146048743	0.0589752797	0.0	-0.02256083844	0.0002707461982	-0.0005254053055	0.00131666484
171.0	0.01470905718	0.05932145752	0.0	-0.02279217511	0.0002712467958	-0.000530030489	0.001329588757
172.0	0.01481260694	0.05966994814	0.0	-0.0230240536	0.0002717843166	-0.00053453684	0.001342570273
173.0	0.01491554248	0.06002070823	0.0	-0.02325643077	0.0002723573096	-0.0005389257084	0.001355606794
174.0	0.01501788315	0.06037369071	0.0	-0.02348926329	0.0002729642764	-0.0005431986224	0.001368695672
175.0	0.01511964878	0.06072884486	0.0	-0.02372250778	0.0002736036755	-0.0005473572771	0.001381834207
176.0	0.01522085956	0.06108611653	0.0	-0.02395612082	0.0002742739272	-0.0005514035239	0.001395019655
177.0	0.01532153604	0.0614454483	0.0	-0.02419005909	0.0002749734181	-0.000555339359	0.001408249233
178.0	0.01542169908	0.06180677967	0.0	-0.02442427936	0.0002757005058	-0.0005591669125	0.001421520118
179.0	0.01552136981	0.06217004721	0.0	-0.02465873862	0.0002764535235	-0.0005628884373	0.00143482946
180.0	0.01562056955	0.06253518481	0.0	-0.02489339413	0.0002772307841	-0.0005665062974	0.00144817438
181.0	0.01571931981	0.06290212379	0.0	-0.02512820344	0.0002780305852	-0.0005700229571	0.00146155198
182.0	0.01581764224	0.06327079313	0.0	-0.02536312453	0.000278851213	-0.0005734409696	0.00147495934
183.0	0.01591555855	0.06364111966	0.0	-0.02559811581	0.0002796909468	-0.0005767629663	0.001488393534
184.0	0.01601309053	0.06401302821	0.0	-0.02583313618	0.0002805480628	-0.0005799916455	0.001501851623
185.0	0.01611025996	0.06438644183	0.0	-0.02606814513	0.0002814208388	-0.0005831297621	0.001515330666
186.0	0.01620708858	0.06476128198	0.0	-0.02630310275	0.0002823075575	-0.0005861801169	0.001528827725
187.0	0.01630359809	0.06513746869	0.0	-0.02653796979	0.0002832065109	-0.0005891455468	0.001542339865
188.0	0.01639981004	0.06551492076	0.0	-0.02677270771	0.0002841160036	-0.0005920289142	0.001555864163
189.0	0.01649574586	0.06589355594	0.0	-0.02700727876	0.0002850343568	-0.0005948330985	0.001569397707
190.0	0.0165914268	0.06627329113	0.0	-0.02724164596	0.0002859599112	-0.0005975609859	0.001582937606
191.0	0.01668687388	0.06665404251	0.0	-0.0274757732	0.000286891031	-0.0006002154615	0.001596480991
192.0	0.01678210787	0.06703572578	0.0	-0.02770962523	0.0002878261065	-0.0006027994006	0.001610025016
193.0	0.01687714929	0.0674182563	0.0	-0.02794316775	0.0002887635577	-0.0006053156608	0.001623566869
194.0	0.01697201829	0.06780154925	0.0	-0.02817636739	0.0002897018365	-0.000607767075	0.00163710377
195.0	0.01706673473	0.06818551982	0.0	-0.02840919178	0.00029063943	-0.0006101564443	0.001650632977
196.0	0.01716131806	0.06857008338	0.0	-0.02864160955	0.0002915748625	-0.0006124865316	0.001664151787
197.0	0.01725578735	0.0689551556	0.0	-0.02887359038	0.0002925066985	-0.0006147600562	0.001677657545
198.0	0.01735016124	0.06934065266	0.0	-0.02910510502	0.0002934335442	-0.000616979688	0.001691147642
199.0	0.01744445792	0.06972649137	0.0	-0.02933612528	0.0002943540502	-0.0006191480435	0.00170461952
200.0	0.0175386951	0.07011258931	0.0	-0.02956662408	0.0002952669128	-0.0006212676809	0.001718070676
201.0	0.01763289	0.07049886498	0.0	-0.02979657548	0.000296170876	-0.0006233410971	0.001731498665
202.0	0.01772705933	0.07088523796	0.0	-0.03002595463	0.0002970647329	-0.0006253707244	0.001744901099
203.0	0.01782121923	0.07127162902	0.0	-0.03025473785	0.0002979473268	-0.0006273589279	0.001758275658
204.0	0.01791538534	0.07165796022	0.0	-0.03048290259	0.000298817553	-0.0006293080036	0.001771620083
205.0	0.01800957269	0.07204415509	0.0	-0.03071042746	0.0002996743589	-0.0006312201769	0.001784932186
206.0	0.01810379573	0.0724301387	0.0	-0.03093729221	0.0003005167456	-0.0006330976015	0.001798209849
207.0	0.01819806833	0.07281583778	0.0	-0.03116347777	0.000301343768	-0.0006349423589	0.001811451027
208.0	0.01829240373	0.07320118083	0.0	-0.0313889662	0.0003021545357	-0.0006367564583	0.001824653749
209.0	0.01838681456	0.07358609821	0.0	-0.03161374073	0.000302948213	-0.0006385418369	0.001837816121
210.0	0.01848131282	0.07397052223	0.0	-0.03183778571	0.0003037240191	-0.0006403003604	0.001850936329
211.0	0.01857590986	0.07435438723	0.0	-0.03206108664	0.0003044812284	-0.0006420338243	0.001864012639
212.0	0.01867061641	0.07473762969	0.0	-0.03228363014	0.0003052191701	-0.0006437439552	0.001877043397
213.0	0.01876544252	0.07512018825	0.0	-0.03250540394	0.0003059372283	-0.0006454324124	0.001890027036
214.0	0.01886039762	0.0755020038	0.0	-0.03272639689	0.000306634841	-0.0006471007897	0.00190296207
215.0	0.01895549045	0.07588301957	0.0	-0.03294659889	0.0003073115003	-0.0006487506179	0.001915847099
216.0	0.01905072912	0.07626318114	0.0	-0.03316600092	0.0003079667513	-0.0006503833669	0.001928680813
217.0	0.01914612107	0.07664243648	0.0	-0.03338459501	0.0003086001917	-0.0006520004482	0.001941461985
218.0	0.01924167309	0.07702073605	0.0	-0.03360237421	0.0003092114705	-0.0006536032179	0.001954189478
219.0	0.01933739133	0.07739803278	0.0	-0.0338193326	0.0003098002877	-0.0006551929789	0.001966862243
220.0	0.01943328127	0.07777428211	0.0	-0.03403546519	0.0003103663928	-0.0006567709842	0.001979479318
221.0	0.01952934776	0.07814944202	0.0	-0.03425076801	0.0003109095838	-0.0006583384394	0.001992039832
222.0	0.01962559502	0.07852347306	0.0	-0.03446523799	0.0003114297063	-0.000659896506	0.002004543001
223.0	0.01972202662	0.07889633833	0.0	-0.03467887296	0.0003119266517	-0.0006614463036	0.002016988129
224.0	0.01981864553	0.07926800351	0.0	-0.03489167165	0.0003124003567	-0.0006629889136	0.002029374608
225.0	0.0199154541	0.07963843685	0.0	-0.03510363364	0.0003128508011	-0.0006645253811	0.002041701919
226.0	0.02001245408	0.08000760918	0.0	-0.03531475933	0.0003132780071	-0.0006660567178	0.002053969627
227.0	0.02010964662	0.08037549386	0.0	-0.03552504993	0.0003136820373	-0.0006675839048	0.002066177384
228.0	0.02020703232	0.08074206682	0.0	-0.03573450741	0.0003140629936	-0.0006691078948	0.002078324926
229.0	0.02030461119	0.0811073065	0.0	-0.03594313448	0.0003144210158	-0.0006706296143	0.002090412074
230.0	0.0204023827	0.08147119382	0.0	-0.03615093455	0.0003147562796	-0.0006721499658	0.002102438729
231.0	0.02050034577	0.08183371221	0.0	-0.03635791173	0.0003150689954	-0.0006736698295	0.002114404875
232.0	0.02059849881	0.08219484748	0.0	-0.03656407076	0.0003153594068	-0.0006751900655	0.002126310571
233.0	0.02069683973	0.08255458788	0.0	-0.03676941702	0.0003156277889	-0.0006767115148	0.002138155959
234.0	0.02079536594	0.08291292399	0.0	-0.03697395645	0.0003158744466	-0.0006782350009	0.002149941251
235.0	0.02089407439	0.08326984872	0.0	-0.03717769557	0.0003160997135	-0.0006797613313	0.002161666736
236.0	0.02099296155	0.08362535722	0.0	-0.03738064144	0.00031630395	-0.0006812912975	0.002173332772
237.0	0.02109202349	0.08397944687	0.0	-0.0375828016	0.0003164875418	-0.0006828256769	0.002184939787
238.0	0.02119125583	0.08433211718	0.0	-0.03778418406	0.0003166508986	-0.0006843652324	0.002196488277
239.0	0.0212906538	0.08468336977	0.0	-0.03798479728	0.0003167944523	-0.0006859107133	0.0022079788
240.0	0.02139021226	0.08503320829	0.0	-0.03818465013	0.0003169186556	-0.0006874628553	0.002219411976
241.0	0.02148992569	0.08538163838	0.0	-0.03838375187	0.0003170239808	-0.0006890223804	0.002230788486
242.0	0.02158978824	0.08572866757	0.0	-0.03858211211	0.0003171109181	-0.0006905899968	0.002242109065
243.0	0.02168979374	0.08607430523	0.0	-0.03877974078	0.0003171799743	-0.0006921663984	0.002253374504
244.0	0.02178993571	0.08641856251	0.0	-0.03897664814	0.0003172316713	-0.0006937522648	0.002264585643
245.0	0.02189020739	0.08676145226	0.0	-0.0391728447	0.000317266545	-0.0006953482597	0.002275743372
246.0	0.02199060175	0.08710298894	0.0	-0.03936834122	0.0003172851436	-0.0006969550312	0.002286848623
247.0	0.02209111153	0.08744318859	0.0	-0.03956314871	0.0003172880269	-0.00069857321	0.002297902373
248.0	0.02219172924	0.08778206872	0.0	-0.03975727835	0.0003172757643	-0.0007002034092	0.002308905637
249.0	0.02229244718	0.08811964825	0.0	-0.03995074151	0.0003172489344	-0.0007018462225	0.002319859467
250.0	0.02239325748	0.08845594742	0.0	-0.04014354971	0.000317208123	-0.0007035022236	0.002330764947
251.0	0.02249415209	0.08879098772	0.0	-0.04033571461	0.0003171539227	-0.0007051719646	0.002341623192
252.0	0.02259512284	0.08912479185	0.0	-0.04052724796	0.0003170869311	-0.0007068559753	0.002352435344
253.0	0.0226961614	0.08945738357	0.0	-0.0407181616	0.0003170077504	-0.0007085547613	0.002363202569
254.0	0.02279725936	0.08978878769	0.0	-0.04090846746	0.0003169169857	-0.0007102688031	0.002373926054
255.0	0.02289840822	0.09011902995	0.0	-0.04109817748	0.0003168152445	-0.000711998555	0.002384607005
256.0	0.0229995994	0.09044813697	0.0	-0.04128730365	0.0003167031354	-0.0007137444432	0.002395246644
257.0	0.02310082426	0.09077613617	0.0	-0.04147585796	0.0003165812674	-0.0007155068653	0.002405846202
258.0	0.02320207415	0.09110305569	0.0	-0.04166385239	0.0003164502486	-0.0007172861889	0.002416406924
259.0	0.02330334039	0.09142892429	0.0	-0.04185129889	0.0003163106857	-0.0007190827501	0.002426930059
260.0	0.0234046143	0.09175377135	0.0	-0.04203820936	0.000316163183	-0.0007208968531	0.002437416863
261.0	0.02350588721	0.09207762671	0.0	-0.04222459566	0.0003160083416	-0.0007227287686	0.002447868589
262.0	0.02360715049	0.09240052066	0.0	-0.04241046955	0.0003158467585	-0.0007245787333	0.002458286493
263.0	0.02370839556	0.09272248385	0.0	-0.04259584271	0.0003156790259	-0.0007264469491	0.002468671827
264.0	0.0238096139	0.09304354721	0.0	-0.04278072671	0.0003155057306	-0.0007283335823	0.002479025834
265.0	0.02391079705	0.0933637419	0.0	-0.042965133	0.0003153274529	-0.0007302387628	0.002489349752
266.0	0.02401193667	0.09368309925	0.0	-0.04314907292	0.0003151447665	-0.0007321625843	0.002499644807
267.0	0.0241130245	0.09400165066	0.0	-0.04333255764	0.0003149582372	-0.0007341051031	0.002509912212
268.0	0.02421405241	0.0943194276	0.0	-0.04351559818	0.0003147684229	-0.0007360663385	0.002520153165
269.0	0.02431501239	0.09463646146	0.0	-0.0436982054	0.0003145758725	-0.0007380462725	0.002530368848
270.0	0.02441589658	0.0949527836	0.0	-0.04388038998	0.0003143811254	-0.0007400448498	0.002540560424
271.0	0.02451669726	0.0952684252	0.0	-0.04406216241	0.0003141847114	-0.0007420619781	0.002550729035
272.0	0.02461740689	0.09558341724	0.0	-0.04424353299	0.0003139871494	-0.000744097528	0.002560875801
273.0	0.02471801808	0.09589779048	0.0	-0.0444245118	0.0003137889476	-0.0007461513338	0.002571001818
274.0	0.02481852364	0.09621157535	0.0	-0.04460510873	0.0003135906027	-0.000748223194	0.002581108157
275.0	0.02491891656	0.09652480193	0.0	-0.04478533344	0.0003133925993	-0.0007503128718	0.002591195863
276.0	0.02501919003	0.09683749992	0.0	-0.04496519534	0.00031319541	-0.0007524200958	0.002601265951
277.0	0.02511933746	0.09714969858	0.0	-0.04514470364	0.0003129994943	-0.000754544561	0.002611319409
278.0	0.02521935245	0.09746142665	0.0	-0.04532386728	0.0003128052987	-0.00075668593	0.002621357194
279.0	0.02531922883	0.09777271239	0.0	-0.04550269498	0.0003126132561	-0.0007588438336	0.002631380231
280.0	0.02541896067	0.09808358346	0.0	-0.04568119518	0.0003124237858	-0.0007610178724	0.002641389415
281.0	0.02551854224	0.09839406695	0.0	-0.04585937609	0.0003122372927	-0.0007632076179	0.002651385605
282.0	0.02561796807	0.09870418931	0.0	-0.04603724563	0.0003120541674	-0.000765412614	0.00266136963
283.0	0.02571723292	0.0990139763	0.0	-0.0462148115	0.0003118747856	-0.0007676323781	0.002671342283
284.0	0.0258163318	0.09932345302	0.0	-0.04639208108	0.0003116995084	-0.0007698664031	0.002681304323
285.0	0.02591525996	0.09963264383	0.0	-0.04656906153	0.0003115286813	-0.0007721141584	0.002691256473
286.0	0.0260140129	0.09994157235	0.0	-0.0467457597	0.0003113626348	-0.0007743750921	0.002701199421
287.0	0.02611258637	0.1002502614	0.0	-0.04692218219	0.0003112016838	-0.0007766486322	0.002711133822
288.0	0.02621097637	0.1005587331	0.0	-0.0470983353	0.0003110461273	-0.0007789341885	0.002721060292
289.0	0.02630917916	0.1008670086	0.0	-0.04727422509	0.0003108962488	-0.0007812311544	0.002730979412
290.0	0.02640719125	0.1011751084	0.0	-0.04744985732	0.0003107523158	-0.0007835389084	0.00274089173
291.0	0.0265050094	0.1014830521	0.0	-0.04762523747	0.0003106145797	-0.0007858568162	0.002750797755
292.0	0.02660263062	0.1017908583	0.0	-0.04780037075	0.0003104832761	-0.0007881842321	0.002760697963
293.0	0.0267000522	0.1020985449	0.0	-0.0479752621	0.0003103586245	-0.0007905205012	0.002770592794
294.0	0.02679727164	0.1024061289	0.0	-0.04814991619	0.0003102408283	-0.0007928649607	0.002780482652
295.0	0.02689428672	0.1027136263	0.0	-0.0483243374	0.000310130075	-0.000795216942	0.00279036791
296.0	0.02699109544	0.1030210525	0.0	-0.04849852985	0.000310026536	-0.0007975757722	0.002800248903
297.0	0.02708769607	0.1033284216	0.0	-0.04867249738	0.0003099303669	-0.0007999407761	0.002810125935
298.0	0.02718408711	0.103635747	0.0	-0.04884624359	0.0003098417074	-0.0008023112775	0.002819999276
299.0	0.0272802673	0.1039430414	0.0	-0.0490197718	0.0003097606818	-0.0008046866011	0.002829869164
300.0	0.0273762356	0.1042503163	0.0	-0.04919308506	0.0003096873985	-0.0008070660738	0.002839735805
301.0	0.02747199123	0.1045575824	0.0	-0.04936618619	0.0003096219508	-0.0008094490266	0.002849599375
302.0	0.0275675336	0.1048648497	0.0	-0.04953907773	0.0003095644166	-0.0008118347959	0.002859460017
303.0	0.02766286238	0.1051721269	0.0	-0.04971176199	0.0003095148588	-0.0008142227247	0.002869317848
304.0	0.02775797741	0.1054794223	0.0	-0.04988424104	0.0003094733258	-0.0008166121645	0.002879172953
305.0	0.02785287879	0.105786743	0.0	-0.05005651669	0.0003094398511	-0.0008190024761	0.002889025392
306.0	0.02794756678	0.1060940953	0.0	-0.05022859055	0.0003094144544	-0.000821393031	0.002898875195
307.0	0.02804204188	0.1064014849	0.0	-0.05040046397	0.0003093971409	-0.0008237832127	0.002908722368
308.0	0.02813630476	0.1067089163	0.0	-0.0505721381	0.0003093879025	-0.0008261724176	0.00291856689
309.0	0.02823035628	0.1070163935	0.0	-0.05074361385	0.0003093867177	-0.0008285600563	0.002928408717
310.0	0.02832419748	0.1073239195	0.0	-0.05091489195	0.0003093935519	-0.0008309455543	0.002938247782
311.0	0.0284178296	0.1076314965	0.0	-0.0510859729	0.0003094083577	-0.0008333283528	0.002948083993
312.0	0.02851125401	0.107939126	0.0	-0.05125685701	0.0003094310758	-0.0008357079099	0.002957917239
313.0	0.02860447227	0.1082468088	0.0	-0.05142754441	0.0003094616345	-0.000838083701	0.002967747387
314.0	0.02869748609	0.108554545	0.0	-0.05159803502	0.000309499951	-0.0008404552196	0.002977574286
315.0	0.02879029731	0.1088623336	0.0	-0.0517683286	0.0003095459311	-0.0008428219779	0.002987397764
316.0	0.02888290793	0.1091701735	0.0	-0.05193842475	0.0003095994701	-0.0008451835074	0.002997217634
317.0	0.02897532009	0.1094780624	0.0	-0.05210832287	0.0003096604528	-0.000847539359	0.003007033692
318.0	0.02906753603	0.1097859976	0.0	-0.05227802225	0.0003097287545	-0.0008498891039	0.003016845716
319.0	0.02915955813	0.1100939758	0.0	-0.05244752198	0.0003098042407	-0.0008522323334	0.003026653473
320.0	0.02925138889	0.110401993	0.0	-0.05261682105	0.0003098867683	-0.0008545686596	0.003036456713
321.0	0.02934303089	0.1107100446	0.0	-0.0527859183	0.0003099761856	-0.0008568977153	0.003046255176
322.0	0.02943448681	0.1110181255	0.0	-0.05295481243	0.0003100723329	-0.0008592191543	0.00305604859
323.0	0.02952575945	0.11132623	0.0	-0.05312350204	0.0003101750431	-0.0008615326512	0.003065836671
324.0	0.02961685167	0.1116343519	0.0	-0.0532919856	0.0003102841417	-0.000863837902	0.003075619126
325.0	0.0297077664	0.1119424846	0.0	-0.0534602615	0.0003103994481	-0.0008661346232	0.003085395654
326.0	0.02979850666	0.1122506209	0.0	-0.05362832801	0.0003105207751	-0.0008684225525	0.003095165946
327.0	0.0298890755	0.1125587533	0.0	-0.05379618331	0.0003106479303	-0.0008707014482	0.003104929685
328.0	0.02997947607	0.1128668738	0.0	-0.05396382551	0.0003107807158	-0.0008729710891	0.003114686548
329.0	0.03006971153	0.113174974	0.0	-0.05413125263	0.0003109189294	-0.0008752312745	0.003124436209
330.0	0.03015978509	0.1134830452	0.0	-0.05429846265	0.0003110623644	-0.0008774818236	0.003134178335
331.0	0.0302497	0.1137910783	0.0	-0.05446545345	0.0003112108104	-0.0008797225754	0.003143912592
332.0	0.03033945954	0.1140990639	0.0	-0.05463222289	0.0003113640541	-0.0008819533883	0.003153638641
333.0	0.030429067	0.1144069925	0.0	-0.05479876876	0.0003115218789	-0.0008841741397	0.003163356144
334.0	0.0305185257	0.1147148539	0.0	-0.05496508882	0.0003116840662	-0.0008863847256	0.00317306476
335.0	0.03060783894	0.1150226382	0.0	-0.05513118081	0.0003118503955	-0.0008885850603	0.003182764148
336.0	0.03069701005	0.1153303349	0.0	-0.05529704241	0.0003120206447	-0.0008907750758	0.003192453969
337.0	0.03078604235	0.1156379335	0.0	-0.05546267132	0.0003121945909	-0.0008929547213	0.003202133882
338.0	0.03087493915	0.1159454233	0.0	-0.05562806519	0.0003123720106	-0.0008951239628	0.003211803551
339.0	0.03096370373	0.1162527933	0.0	-0.05579322169	0.00031255268	-0.0008972827825	0.003221462643
340.0	0.03105233936	0.1165600327	0.0	-0.05595813848	0.0003127363758	-0.0008994311784	0.003231110824
341.0	0.03114084929	0.1168671304	0.0	-0.05612281321	0.000312922875	-0.0009015691637	0.003240747769
342.0	0.03122923674	0.1171740753	0.0	-0.05628724356	0.0003131119561	-0.000903696766	0.003250373154
343.0	0.03131750488	0.1174808562	0.0	-0.05645142722	0.0003133033986	-0.0009058140271	0.003259986661
344.0	0.03140565684	0.117787462	0.0	-0.05661536191	0.0003134969842	-0.0009079210024	0.003269587978
345.0	0.03149369572	0.1180938814	0.0	-0.05677904535	0.0003136924963	-0.0009100177601	0.003279176798
346.0	0.03158162455	0.1184001033	0.0	-0.05694247531	0.0003138897212	-0.0009121043806	0.003288752822
347.0	0.03166944633	0.1187061165	0.0	-0.0571056496	0.0003140884478	-0.0009141809562	0.003298315758
348.0	0.03175716398	0.1190119101	0.0	-0.05726856607	0.0003142884682	-0.0009162475904	0.003307865318
349.0	0.03184478037	0.119317473	0.0	-0.0574312226	0.0003144895777	-0.000918304397	0.003317401227
350.0	0.0319322983	0.1196227943	0.0	-0.05759361714	0.0003146915757	-0.0009203515002	0.003326923215
351.0	0.0320197205	0.1199278633	0.0	-0.05775574766	0.0003148942653	-0.0009223890333	0.003336431022
352.0	0.03210704964	0.1202326693	0.0	-0.05791761223	0.0003150974539	-0.0009244171387	0.003345924394
353.0	0.0321942883	0.1205372019	0.0	-0.05807920895	0.0003153009534	-0.0009264359668	0.003355403091
354.0	0.03228143899	0.1208414508	0.0	-0.05824053599	0.0003155045805	-0.0009284456759	0.003364866879
355.0	0.03236850414	0.1211454058	0.0	-0.05840159159	0.0003157081567	-0.0009304464315	0.003374315535
356.0	0.0324554861	0.121449057	0.0	-0.05856237406	0.0003159115088	-0.0009324384057	0.003383748846
357.0	0.03254238713	0.1217523946	0.0	-0.05872288178	0.0003161144686	-0.0009344217766	0.003393166609
358.0	0.03262920941	0.1220554092	0.0	-0.05888311319	0.0003163168737	-0.0009363967279	0.00340256863
359.0	0.03271595503	0.1223580915	0.0	-0.05904306684	0.0003165185673	-0.0009383634484	0.003411954729
360.0	0.03280262599	0.1226604325	0.0	-0.05920274133	0.0003167193982	-0.0009403221315	0.003421324733
361.0	0.03288922419	0.1229624235	0.0	-0.05936213534	0.0003169192212	-0.0009422729745	0.003430678482
362.0	0.03297575147	0.1232640559	0.0	-0.05952124766	0.0003171178973	-0.0009442161782	0.003440015825
363.0	0.03306220954	0.1235653215	0.0	-0.05968007713	0.0003173152933	-0.0009461519468	0.003449336625
364.0	0.03314860004	0.1238662124	0.0	-0.05983862268	0.0003175112826	-0.0009480804869	0.003458640753
365.0	0.03323492451	0.124166721	0.0	-0.05999688335	0.0003177057444	-0.0009500020073	0.003467928091
366.0	0.0333211844	0.12446684	0.0	-0.06015485825	0.0003178985646	-0.0009519167187	0.003477198535
367.0	0.03340738104	0.1247665624	0.0	-0.06031254655	0.0003180896354	-0.0009538248329	0.003486451988
368.0	0.03349351572	0.1250658813	0.0	-0.06046994756	0.0003182788553	-0.0009557265629	0.003495688367
369.0	0.03357958958	0.1253647906	0.0	-0.06062706064	0.0003184661294	-0.0009576221221	0.003504907597
370.0	0.0336656037	0.125663284	0.0	-0.06078388523	0.0003186513691	-0.0009595117241	0.003514109617
371.0	0.03375155906	0.125961356	0.0	-0.0609404209	0.0003188344923	-0.0009613955821	0.003523294375
372.0	0.03383745655	0.126259001	0.0	-0.06109666726	0.0003190154233	-0.0009632739091	0.003532461828
373.0	0.03392329695	0.126556214	0.0	-0.06125262403	0.0003191940927	-0.000965146917	0.003541611946
374.0	0.03400908098	0.1268529903	0.0	-0.06140829101	0.0003193704376	-0.0009670148163	0.003550744708
375.0	0.03409480925	0.1271493255	0.0	-0.06156366809	0.0003195444012	-0.0009688778164	0.003559860103
376.0	0.03418048229	0.1274452155	0.0	-0.06171875523	0.0003197159331	-0.0009707361244	0.00356895813
377.0	0.03426610053	0.1277406566	0.0	-0.06187355249	0.000319884989	-0.0009725899456	0.003578038798
378.0	0.03435166435	0.1280356454	0.0	-0.06202806	0.0003200515307	-0.0009744394828	0.003587102124
379.0	0.034437174	0.1283301788	0.0	-0.06218227796	0.0003202155259	-0.0009762849362	0.003596148138
380.0	0.03452262969	0.1286242541	0.0	-0.06233620668	0.0003203769482	-0.0009781265029	0.003605176875
381.0	0.03460803152	0.1289178689	0.0	-0.06248984652	0.0003205357771	-0.0009799643772	0.00361418838
382.0	0.03469337954	0.1292110212	0.0	-0.06264319792	0.0003206919977	-0.0009817987498	0.003623182708
383.0	0.03477867369	0.1295037091	0.0	-0.06279626139	0.0003208456005	-0.0009836298079	0.00363215992
384.0	0.03486391387	0.1297959313	0.0	-0.06294903753	0.0003209965818	-0.000985457735	0.003641120087
385.0	0.03494909988	0.1300876865	0.0	-0.06310152699	0.0003211449427	-0.0009872827106	0.003650063287
386.0	0.03503423149	0.130378974	0.0	-0.0632537305	0.0003212906899	-0.0009891049101	0.003658989604
387.0	0.03511930835	0.1306697933	0.0	-0.06340564883	0.0003214338346	-0.0009909245047	0.003667899132
388.0	0.0352043301	0.1309601441	0.0	-0.06355728285	0.0003215743932	-0.0009927416611	0.003676791969
389.0	0.03528929628	0.1312500265	0.0	-0.06370863347	0.0003217123867	-0.0009945565415	0.003685668221
390.0	0.03537420639	0.1315394408	0.0	-0.06385970166	0.0003218478406	-0.0009963693035	0.003694528001
391.0	0.03545905987	0.1318283876	0.0	-0.06401048843	0.0003219807846	-0.0009981800996	0.003703371425
392.0	0.0355438561	0.1321168679	0.0	-0.06416099489	0.0003221112528	-0.0009999890779	0.003712198617
393.0	0.0356285944	0.1324048828	0.0	-0.06431122214	0.0003222392832	-0.001001796381	0.003721009707
394.0	0.03571327408	0.1326924337	0.0	-0.06446117138	0.0003223649177	-0.001003602147	0.003729804827
395.0	0.03579789436	0.1329795221	0.0	-0.06461084382	0.0003224882016	-0.001005406508	0.003738584115
396.0	0.03588245445	0.1332661501	0.0	-0.06476024074	0.000322609184	-0.001007209592	0.003747347715
397.0	0.03596695349	0.1335523196	0.0	-0.06490936344	0.0003227279171	-0.001009011521	0.003756095772
398.0	0.03605139061	0.133838033	0.0	-0.06505821327	0.0003228444562	-0.001010812412	0.003764828436
399.0	0.03613576488	0.1341232929	0.0	-0.0652067916	0.0003229588596	-0.001012612376	0.003773545861
400.0	0.03622007536	0.1344081019	0.0	-0.06535509986	0.0003230711882	-0.00101441152	0.003782248202
401.0	0.03630432106	0.1346924629	0.0	-0.06550313948	0.0003231815056	-0.001016209944	0.003790935618
402.0	0.03638850099	0.1349763791	0.0	-0.06565091194	0.0003232898777	-0.001018007744	0.003799608272
403.0	0.03647261412	0.1352598537	0.0	-0.06579841873	0.0003233963725	-0.00101980501	0.003808266325
404.0	0.03655665938	0.13554289	0.0	-0.06594566138	0.0003235010601	-0.001021601827	0.003816909942
405.0	0.03664063572	0.1358254918	0.0	-0.0660926414	0.0003236040124	-0.001023398274	0.003825539291
406.0	0.03672454204	0.1361076626	0.0	-0.06623936037	0.0003237053029	-0.001025194424	0.003834154537
407.0	0.03680837726	0.1363894064	0.0	-0.06638581985	0.0003238050065	-0.001026990348	0.00384275585
408.0	0.03689214024	0.136670727	0.0	-0.06653202141	0.0003239031995	-0.001028786107	0.003851343397
409.0	0.03697582989	0.1369516286	0.0	-0.06667796666	0.0003239999592	-0.001030581761	0.003859917348
410.0	0.03705944507	0.1372321152	0.0	-0.06682365718	0.0003240953638	-0.001032377362	0.00386847787
411.0	0.03714298465	0.1375121913	0.0	-0.06696909458	0.0003241894925	-0.001034172959	0.003877025134
412.0	0.03722644751	0.137791861	0.0	-0.06711428046	0.0003242824247	-0.001035968594	0.003885559305
413.0	0.03730983251	0.1380711289	0.0	-0.06725921643	0.0003243742407	-0.001037764305	0.003894080552
414.0	0.03739313854	0.1383499993	0.0	-0.06740390408	0.0003244650206	-0.001039560125	0.003902589039
415.0	0.03747636446	0.1386284769	0.0	-0.06754834503	0.000324554845	-0.001041356082	0.003911084931
416.0	0.03755950917	0.1389065661	0.0	-0.06769254085	0.0003246437942	-0.0010431522	0.003919568391
417.0	0.03764257156	0.1391842717	0.0	-0.06783649313	0.0003247319485	-0.001044948497	0.00392803958
418.0	0.03772555055	0.1394615982	0.0	-0.06798020345	0.0003248193878	-0.001046744989	0.003936498656
419.0	0.03780844504	0.1397385502	0.0	-0.06812367336	0.0003249061915	-0.001048541683	0.003944945777
420.0	0.03789125399	0.1400151325	0.0	-0.06826690442	0.0003249924385	-0.001050338587	0.003953381095
421.0	0.03797397634	0.1402913496	0.0	-0.06840989816	0.000325078207	-0.0010521357	0.003961804764
422.0	0.03805661106	0.1405672063	0.0	-0.06855265608	0.0003251635741	-0.00105393302	0.00397021693
423.0	0.03813915714	0.1408427072	0.0	-0.06869517968	0.0003252486162	-0.00105573054	0.003978617741
424.0	0.03822161361	0.1411178569	0.0	-0.06883747044	0.0003253334086	-0.001057528249	0.003987007338
425.0	0.03830397949	0.14139266	0.0	-0.06897952982	0.0003254180252	-0.001059326133	0.00399538586
426.0	0.03838625385	0.1416671209	0.0	-0.06912135923	0.0003255025389	-0.001061124172	0.004003753444
427.0	0.03846843577	0.1419412443	0.0	-0.06926296008	0.0003255870209	-0.001062922344	0.004012110221
428.0	0.03855052438	0.1422150345	0.0	-0.06940433376	0.0003256715412	-0.001064720625	0.004020456319
429.0	0.0386325188	0.142488496	0.0	-0.06954548161	0.0003257561679	-0.001066518986	0.004028791864
430.0	0.03871441821	0.1427616331	0.0	-0.06968640496	0.0003258409678	-0.001068317395	0.004037116976
431.0	0.03879622181	0.14303445	0.0	-0.0698271051	0.0003259260056	-0.001070115817	0.00404543177
432.0	0.03887792884	0.143306951	0.0	-0.0699675833	0.0003260113445	-0.001071914214	0.004053736361
433.0	0.03895953856	0.1435791401	0.0	-0.07010784078	0.0003260970456	-0.001073712545	0.004062030855
434.0	0.03904105026	0.1438510213	0.0	-0.07024787875	0.0003261831682	-0.001075510769	0.004070315357
435.0	0.03912246327	0.1441225986	0.0	-0.07038769838	0.0003262697694	-0.001077308838	0.004078589967
436.0	0.03920377696	0.1443938757	0.0	-0.07052730081	0.0003263569046	-0.001079106705	0.004086854779
437.0	0.03928499072	0.1446648565	0.0	-0.07066668714	0.0003264446267	-0.001080904321	0.004095109885
438.0	0.03936610399	0.1449355446	0.0	-0.07080585844	0.0003265329868	-0.001082701631	0.004103355371
439.0	0.03944711623	0.1452059435	0.0	-0.07094481574	0.0003266220335	-0.001084498584	0.004111591319
440.0	0.03952802694	0.1454760566	0.0	-0.07108356005	0.0003267118135	-0.001086295122	0.004119817806
441.0	0.03960883566	0.1457458871	0.0	-0.07122209233	0.0003268023711	-0.001088091188	0.004128034906
442.0	0.03968954196	0.1460154384	0.0	-0.0713604135	0.0003268937483	-0.001089886723	0.004136242687
443.0	0.03977014546	0.1462847134	0.0	-0.07149852448	0.0003269859849	-0.001091681666	0.004144441213
444.0	0.03985064579	0.1465537152	0.0	-0.07163642611	0.0003270791184	-0.001093475956	0.004152630544
445.0	0.03993104263	0.1468224464	0.0	-0.07177411923	0.000327173184	-0.00109526953	0.004160810735
446.0	0.0400113357	0.14709091	0.0	-0.07191160462	0.0003272682147	-0.001097062324	0.004168981837
447.0	0.04009152475	0.1473591083	0.0	-0.07204888305	0.0003273642409	-0.001098854274	0.004177143896
448.0	0.04017160956	0.1476270439	0.0	-0.07218595523	0.0003274612911	-0.001100645314	0.004185296955
449.0	0.04025158996	0.1478947191	0.0	-0.07232282184	0.0003275593912	-0.001102435378	0.004193441052
450.0	0.04033146578	0.1481621361	0.0	-0.07245948356	0.000327658565	-0.001104224401	0.004201576221
451.0	0.04041123693	0.148429297	0.0	-0.07259594098	0.000327758834	-0.001106012315	0.004209702491
452.0	0.04049090332	0.1486962038	0.0	-0.07273219471	0.0003278602174	-0.001107799054	0.004217819889
453.0	0.0405704649	0.1489628581	0.0	-0.07286824529	0.0003279627322	-0.001109584551	0.004225928435
454.0	0.04064992167	0.1492292618	0.0	-0.07300409325	0.0003280663934	-0.001111368739	0.004234028149
455.0	0.04072927363	0.1494954164	0.0	-0.07313973908	0.0003281712134	-0.001113151551	0.004242119044
456.0	0.04080852083	0.1497613233	0.0	-0.07327518323	0.0003282772031	-0.00111493292	0.004250201131
457.0	0.04088766335	0.1500269839	0.0	-0.07341042615	0.0003283843707	-0.001116712782	0.004258274416
458.0	0.0409667013	0.1502923993	0.0	-0.07354546822	0.0003284927228	-0.00111849107	0.004266338904
459.0	0.04104563481	0.1505575706	0.0	-0.07368030983	0.0003286022638	-0.00112026772	0.004274394594
460.0	0.04112446405	0.1508224988	0.0	-0.07381495131	0.000328712996	-0.001122042667	0.004282441483
461.0	0.04120318921	0.1510871846	0.0	-0.07394939298	0.0003288249202	-0.001123815847	0.004290479566
462.0	0.0412818105	0.1513516289	0.0	-0.07408363513	0.0003289380349	-0.001125587199	0.004298508833
463.0	0.04136032816	0.1516158322	0.0	-0.07421767803	0.000329052337	-0.001127356661	0.004306529271
464.0	0.04143874247	0.151879795	0.0	-0.07435152192	0.0003291678216	-0.001129124172	0.004314540866
465.0	0.04151705371	0.1521435177	0.0	-0.07448516701	0.0003292844822	-0.001130889672	0.0043225436
466.0	0.04159526219	0.1524070005	0.0	-0.0746186135	0.0003294023104	-0.001132653105	0.004330537453
467.0	0.04167336825	0.1526702437	0.0	-0.07475186156	0.0003295212964	-0.001134414412	0.004338522403
468.0	0.04175137224	0.1529332472	0.0	-0.07488491134	0.0003296414289	-0.001136173539	0.004346498424
469.0	0.04182927453	0.1531960111	0.0	-0.07501776298	0.000329762695	-0.001137930432	0.004354465491
470.0	0.04190707551	0.1534585353	0.0	-0.07515041658	0.0003298850804	-0.001139685038	0.004362423573
471.0	0.0419847756	0.1537208195	0.0	-0.07528287225	0.0003300085695	-0.001141437306	0.00437037264
472.0	0.04206237522	0.1539828634	0.0	-0.07541513006	0.0003301331455	-0.001143187187	0.004378312661
473.0	0.0421398748	0.1542446667	0.0	-0.07554719008	0.0003302587902	-0.001144934633	0.004386243599
474.0	0.04221727482	0.1545062288	0.0	-0.07567905234	0.0003303854844	-0.001146679599	0.004394165421
475.0	0.04229457572	0.1547675492	0.0	-0.0758107169	0.0003305132077	-0.00114842204	0.004402078088
476.0	0.04237177799	0.1550286273	0.0	-0.07594218376	0.0003306419388	-0.001150161915	0.004409981563
477.0	0.04244888213	0.1552894624	0.0	-0.07607345294	0.0003307716553	-0.001151899182	0.004417875807
478.0	0.04252588864	0.1555500538	0.0	-0.07620452444	0.0003309023339	-0.001153633803	0.004425760778
479.0	0.04260279802	0.1558104005	0.0	-0.07633539825	0.0003310339508	-0.001155365741	0.004433636436
480.0	0.0426796108	0.1560705018	0.0	-0.07646607434	0.0003311664809	-0.001157094962	0.00444150274
481.0	0.0427563275	0.1563303566	0.0	-0.0765965527	0.0003312998988	-0.001158821433	0.004449359646
482.0	0.04283294865	0.156589964	0.0	-0.07672683329	0.0003314341784	-0.001160545123	0.004457207112
483.0	0.0429094748	0.156849323	0.0	-0.07685691606	0.000331569293	-0.001162266004	0.004465045095
484.0	0.04298590647	0.1571084324	0.0	-0.07698680099	0.0003317052153	-0.001163984047	0.00447287355
485.0	0.04306224422	0.1573672911	0.0	-0.07711648801	0.0003318419176	-0.001165699229	0.004480692436
486.0	0.0431384886	0.1576258979	0.0	-0.07724597707	0.000331979372	-0.001167411526	0.004488501707
487.0	0.04321464015	0.1578842517	0.0	-0.07737526813	0.00033211755	-0.001169120918	0.00449630132
488.0	0.04329069942	0.1581423512	0.0	-0.07750436113	0.000332256423	-0.001170827385	0.004504091233
489.0	0.04336666696	0.1584001951	0.0	-0.07763325602	0.0003323959623	-0.001172530911	0.004511871402
490.0	0.04344254332	0.1586577821	0.0	-0.07776195274	0.0003325361388	-0.00117423148	0.004519641784
491.0	0.04351832904	0.158915111	0.0	-0.07789045124	0.0003326769235	-0.00117592908	0.004527402338
492.0	0.04359402467	0.1591721805	0.0	-0.07801875147	0.0003328182872	-0.001177623699	0.004535153022
493.0	0.04366963075	0.1594289891	0.0	-0.07814685338	0.000332960201	-0.001179315328	0.004542893795
494.0	0.0437451478	0.1596855356	0.0	-0.07827475693	0.0003331026358	-0.001181003959	0.004550624618
495.0	0.04382057637	0.1599418186	0.0	-0.07840246208	0.0003332455628	-0.001182689588	0.00455834545
496.0	0.04389591697	0.1601978367	0.0	-0.0785299688	0.0003333889532	-0.00118437221	0.004566056255
497.0	0.04397117012	0.1604535886	0.0	-0.07865727705	0.0003335327786	-0.001186051823	0.004573756994
498.0	0.04404633634	0.1607090729	0.0	-0.07878438682	0.0003336770107	-0.001187728427	0.004581447633
499.0	0.04412141612	0.1609642883	0.0	-0.07891129809	0.0003338216216	-0.001189402024	0.004589128134
500.0	0.04419640997	0.1612192335	0.0	-0.07903801085	0.0003339665839	-0.001191072616	0.004596798466
501.0	0.04427131836	0.1614739071	0.0	-0.07916452511	0.0003341118703	-0.00119274021	0.004604458596
502.0	0.04434614178	0.1617283078	0.0	-0.07929084086	0.000334257454	-0.00119440481	0.004612108492
503.0	0.0444208807	0.1619824343	0.0	-0.07941695814	0.0003344033089	-0.001196066425	0.004619748125
504.0	0.04449553556	0.1622362854	0.0	-0.07954287697	0.0003345494092	-0.001197725064	0.004627377467
505.0	0.04457010682	0.1624898597	0.0	-0.07966859738	0.0003346957296	-0.001199380738	0.00463499649
506.0	0.04464459491	0.1627431562	0.0	-0.07979411943	0.0003348422455	-0.00120103346	0.00464260517
507.0	0.04471900026	0.1629961734	0.0	-0.07991944317	0.0003349889329	-0.001202683243	0.004650203483
508.0	0.04479332329	0.1632489104	0.0	-0.08004456867	0.0003351357682	-0.001204330102	0.004657791407
509.0	0.04486756438	0.1635013659	0.0	-0.08016949601	0.0003352827288	-0.001205974053	0.004665368921
510.0	0.04494172393	0.1637535388	0.0	-0.0802942253	0.0003354297926	-0.001207615113	0.004672936006
511.0	0.04501580232	0.1640054281	0.0	-0.08041875663	0.000335576938	-0.001209253301	0.004680492646
512.0	0.0450897999	0.1642570327	0.0	-0.08054309012	0.0003357241445	-0.001210888637	0.004688038826
513.0	0.04516371704	0.1645083515	0.0	-0.08066722589	0.000335871392	-0.00121252114	0.00469557453
514.0	0.04523755406	0.1647593837	0.0	-0.0807911641	0.0003360186614	-0.001214150833	0.004703099748
515.0	0.04531131129	0.1650101283	0.0	-0.0809149049	0.0003361659342	-0.001215777738	0.004710614469
516.0	0.04538498904	0.1652605845	0.0	-0.08103844845	0.0003363131927	-0.001217401878	0.004718118685
517.0	0.04545858761	0.1655107513	0.0	-0.08116179493	0.0003364604202	-0.001219023277	0.004725612389
518.0	0.04553210728	0.165760628	0.0	-0.08128494454	0.0003366076004	-0.00122064196	0.004733095575
519.0	0.04560554832	0.1660102138	0.0	-0.08140789749	0.0003367547182	-0.001222257953	0.004740568241
520.0	0.045678911	0.166259508	0.0	-0.08153065398	0.000336901759	-0.001223871281	0.004748030385
521.0	0.04575219555	0.1665085099	0.0	-0.08165321426	0.0003370487093	-0.001225481972	0.004755482008
522.0	0.0458254022	0.166757219	0.0	-0.08177557857	0.0003371955562	-0.001227090052	0.00476292311
523.0	0.04589853117	0.1670056347	0.0	-0.08189774717	0.0003373422877	-0.001228695548	0.004770353696
524.0	0.04597158267	0.1672537564	0.0	-0.08201972032	0.0003374888926	-0.00123029849	0.004777773771
525.0	0.04604455688	0.1675015836	0.0	-0.08214149831	0.0003376353606	-0.001231898906	0.004785183341
526.0	0.04611745398	0.167749116	0.0	-0.08226308144	0.0003377816821	-0.001233496823	0.004792582416
527.0	0.04619027414	0.1679963531	0.0	-0.08238447001	0.0003379278483	-0.001235092271	0.004799971005
528.0	0.04626301751	0.1682432946	0.0	-0.08250566433	0.0003380738512	-0.001236685279	0.00480734912
529.0	0.04633568423	0.1684899403	0.0	-0.08262666475	0.0003382196838	-0.001238275877	0.004814716773
530.0	0.04640827443	0.1687362899	0.0	-0.08274747161	0.0003383653396	-0.001239864093	0.004822073981
531.0	0.04648078822	0.1689823431	0.0	-0.08286808525	0.000338510813	-0.001241449957	0.004829420759
532.0	0.04655322571	0.1692281	0.0	-0.08298850605	0.0003386560992	-0.001243033498	0.004836757124
533.0	0.04662558699	0.1694735603	0.0	-0.08310873438	0.0003388011941	-0.001244614745	0.004844083096
534.0	0.04669787213	0.169718724	0.0	-0.08322877062	0.0003389460943	-0.001246193728	0.004851398695
535.0	0.04677008122	0.1699635912	0.0	-0.08334861518	0.0003390907972	-0.001247770476	0.004858703943
536.0	0.04684221432	0.1702081618	0.0	-0.08346826847	0.0003392353008	-0.001249345017	0.004865998862
537.0	0.04691427146	0.170452436	0.0	-0.08358773089	0.000339379604	-0.001250917381	0.004873283477
538.0	0.04698625269	0.1706964138	0.0	-0.08370700288	0.000339523706	-0.001252487595	0.004880557813
539.0	0.04705815805	0.1709400955	0.0	-0.08382608487	0.000339667607	-0.001254055687	0.004887821896
540.0	0.04712998754	0.1711834813	0.0	-0.08394497731	0.0003398113076	-0.001255621685	0.004895075755
541.0	0.0472017412	0.1714265714	0.0	-0.08406368064	0.0003399548093	-0.001257185617	0.004902319417
542.0	0.047273419	0.1716693661	0.0	-0.08418219533	0.0003400981138	-0.001258747509	0.004909552913
543.0	0.04734502097	0.1719118658	0.0	-0.08430052185	0.0003402412238	-0.001260307387	0.004916776272
544.0	0.04741654707	0.1721540708	0.0	-0.08441866067	0.0003403841421	-0.001261865279	0.004923989527
545.0	0.04748799729	0.1723959816	0.0	-0.08453661227	0.0003405268724	-0.001263421208	0.00493119271
546.0	0.04755937161	0.1726375985	0.0	-0.08465437714	0.0003406694187	-0.001264975201	0.004938385853
547.0	0.04763066998	0.1728789222	0.0	-0.08477195577	0.0003408117856	-0.001266527281	0.004945568991
548.0	0.04770189238	0.173119953	0.0	-0.08488934867	0.000340953978	-0.001268077473	0.004952742157
549.0	0.04777303875	0.1733606915	0.0	-0.08500655634	0.0003410960014	-0.001269625799	0.004959905388
550.0	0.04784410905	0.1736011384	0.0	-0.08512357929	0.0003412378617	-0.001271172282	0.004967058719
551.0	0.04791510321	0.1738412942	0.0	-0.08524041803	0.0003413795651	-0.001272716944	0.004974202185
552.0	0.04798602118	0.1740811595	0.0	-0.08535707309	0.0003415211182	-0.001274259806	0.004981335824
553.0	0.04805686289	0.174320735	0.0	-0.08547354498	0.000341662528	-0.001275800888	0.004988459674
554.0	0.04812762827	0.1745600215	0.0	-0.08558983423	0.0003418038016	-0.001277340212	0.00499557377
555.0	0.04819831725	0.1747990195	0.0	-0.08570594136	0.0003419449468	-0.001278877795	0.005002678152
556.0	0.04826892976	0.1750377299	0.0	-0.08582186691	0.0003420859712	-0.001280413656	0.005009772858
557.0	0.04833946571	0.1752761534	0.0	-0.08593761142	0.0003422268831	-0.001281947813	0.005016857925
558.0	0.04840992502	0.1755142908	0.0	-0.0860531754	0.0003423676906	-0.001283480284	0.005023933393
559.0	0.04848030762	0.1757521428	0.0	-0.08616855941	0.0003425084023	-0.001285011083	0.0050309993
560.0	0.04855061341	0.1759897103	0.0	-0.08628376397	0.0003426490269	-0.001286540227	0.005038055684
561.0	0.04862084231	0.1762269941	0.0	-0.08639878962	0.0003427895732	-0.00128806773	0.005045102586
562.0	0.04869099424	0.1764639951	0.0	-0.0865136369	0.0003429300501	-0.001289593607	0.005052140043
563.0	0.0487610691	0.176700714	0.0	-0.08662830635	0.0003430704668	-0.00129111787	0.005059168095
564.0	0.04883106681	0.1769371518	0.0	-0.0867427985	0.0003432108323	-0.001292640532	0.00506618678
565.0	0.04890098728	0.1771733094	0.0	-0.08685711389	0.0003433511559	-0.001294161604	0.005073196137
566.0	0.04897083042	0.1774091875	0.0	-0.08697125305	0.000343491447	-0.001295681099	0.005080196204
567.0	0.04904059614	0.1776447872	0.0	-0.08708521652	0.0003436317146	-0.001297199024	0.005087187019
568.0	0.04911028437	0.1778801092	0.0	-0.08719900482	0.0003437719683	-0.001298715392	0.005094168621
569.0	0.04917989501	0.1781151546	0.0	-0.08731261849	0.0003439122172	-0.001300230208	0.005101141048
570.0	0.04924942798	0.1783499241	0.0	-0.08742605805	0.0003440524706	-0.001301743483	0.005108104336
571.0	0.0493188832	0.1785844188	0.0	-0.08753932402	0.0003441927377	-0.001303255223	0.005115058523
572.0	0.04938826059	0.1788186395	0.0	-0.08765241693	0.0003443330276	-0.001304765434	0.005122003645
573.0	0.04945756008	0.1790525871	0.0	-0.08776533729	0.0003444733494	-0.001306274122	0.005128939739
574.0	0.04952678159	0.1792862626	0.0	-0.08787808562	0.0003446137121	-0.001307781293	0.005135866841
575.0	0.04959592505	0.1795196667	0.0	-0.08799066243	0.0003447541243	-0.00130928695	0.005142784985
576.0	0.04966499038	0.1797528006	0.0	-0.08810306823	0.0003448945949	-0.001310791098	0.005149694208
577.0	0.04973397753	0.1799856649	0.0	-0.08821530351	0.0003450351323	-0.001312293739	0.005156594543
578.0	0.04980288643	0.1802182607	0.0	-0.08832736877	0.000345175745	-0.001313794877	0.005163486024
579.0	0.04987171703	0.1804505888	0.0	-0.08843926452	0.0003453164411	-0.001315294511	0.005170368684
580.0	0.04994046926	0.18068265	0.0	-0.08855099123	0.0003454572287	-0.001316792645	0.005177242557
581.0	0.05000914308	0.1809144454	0.0	-0.08866254939	0.0003455981155	-0.001318289279	0.005184107674
582.0	0.05007773845	0.1811459756	0.0	-0.08877393949	0.0003457391091	-0.001319784412	0.005190964066
583.0	0.05014625531	0.1813772416	0.0	-0.08888516198	0.000345880217	-0.001321278043	0.005197811765
584.0	0.05021469364	0.1816082441	0.0	-0.08899621735	0.0003460214462	-0.001322770173	0.005204650801
585.0	0.05028305339	0.1818389841	0.0	-0.08910710606	0.0003461628037	-0.001324260798	0.005211481203
586.0	0.05035133454	0.1820694624	0.0	-0.08921782855	0.000346304296	-0.001325749918	0.005218303001
587.0	0.05041953706	0.1822996796	0.0	-0.08932838529	0.0003464459297	-0.001327237529	0.005225116221
588.0	0.05048766094	0.1825296367	0.0	-0.08943877672	0.0003465877109	-0.001328723628	0.005231920893
589.0	0.05055570615	0.1827593344	0.0	-0.08954900328	0.0003467296453	-0.001330208212	0.005238717042
590.0	0.0506236727	0.1829887735	0.0	-0.08965906541	0.0003468717385	-0.001331691277	0.005245504695
591.0	0.05069156056	0.1832179546	0.0	-0.08976896352	0.000347013996	-0.001333172818	0.005252283877
592.0	0.05075936976	0.1834468785	0.0	-0.08987869805	0.0003471564226	-0.001334652831	0.005259054612
593.0	0.05082710027	0.183675546	0.0	-0.08998826941	0.0003472990231	-0.00133613131	0.005265816925
594.0	0.05089475213	0.1839039577	0.0	-0.09009767801	0.0003474418019	-0.00133760825	0.005272570839
595.0	0.05096232534	0.1841321143	0.0	-0.09020692426	0.0003475847632	-0.001339083646	0.005279316376
596.0	0.05102981992	0.1843600165	0.0	-0.09031600854	0.0003477279108	-0.001340557491	0.005286053558
597.0	0.05109723589	0.1845876649	0.0	-0.09042493126	0.0003478712482	-0.001342029778	0.005292782406
598.0	0.0511645733	0.1848150601	0.0	-0.09053369281	0.0003480147787	-0.001343500502	0.00529950294
599.0	0.05123183216	0.1850422027	0.0	-0.09064229355	0.0003481585052	-0.001344969654	0.005306215181
600.0	0.05129901252	0.1852690934	0.0	-0.09075073386	0.0003483024304	-0.001346437229	0.005312919146
601.0	0.05136611443	0.1854957326	0.0	-0.09085901412	0.0003484465566	-0.00134790322	0.005319614855
602.0	0.05143313793	0.185722121	0.0	-0.09096713467	0.0003485908858	-0.001349367617	0.005326302324
603.0	0.05150008308	0.185948259	0.0	-0.09107509589	0.0003487354198	-0.001350830415	0.005332981571
604.0	0.05156694994	0.1861741473	0.0	-0.09118289812	0.0003488801601	-0.001352291604	0.005339652612
605.0	0.05163373856	0.1863997862	0.0	-0.0912905417	0.0003490251078	-0.001353751178	0.005346315462
606.0	0.05170044902	0.1866251763	0.0	-0.09139802697	0.0003491702638	-0.001355209129	0.005352970137
607.0	0.05176708139	0.186850318	0.0	-0.09150535427	0.0003493156288	-0.001356665448	0.00535961665
608.0	0.05183363575	0.1870752118	0.0	-0.09161252392	0.0003494612031	-0.001358120127	0.005366255015
609.0	0.05190011217	0.187299858	0.0	-0.09171953625	0.0003496069867	-0.001359573159	0.005372885245
610.0	0.05196651075	0.1875242572	0.0	-0.09182639157	0.0003497529795	-0.001361024534	0.005379507354
611.0	0.05203283157	0.1877484096	0.0	-0.0919330902	0.000349899181	-0.001362474246	0.005386121352
612.0	0.05209907471	0.1879723156	0.0	-0.09203963244	0.0003500455904	-0.001363922286	0.005392727251
613.0	0.05216524029	0.1881959757	0.0	-0.09214601859	0.0003501922069	-0.001365368646	0.005399325061
614.0	0.0522313284	0.1884193901	0.0	-0.09225224895	0.0003503390291	-0.001366813318	0.005405914794
615.0	0.05229733915	0.1886425592	0.0	-0.09235832382	0.0003504860557	-0.001368256294	0.005412496459
616.0	0.05236327264	0.1888654833	0.0	-0.09246424348	0.0003506332851	-0.001369697566	0.005419070064
617.0	0.05242912897	0.1890881626	0.0	-0.09257000822	0.0003507807152	-0.001371137127	0.00542563562
618.0	0.05249490828	0.1893105974	0.0	-0.09267561831	0.0003509283441	-0.001372574969	0.005432193134
619.0	0.05256061067	0.189532788	0.0	-0.09278107404	0.0003510761694	-0.001374011084	0.005438742614
620.0	0.05262623626	0.1897547346	0.0	-0.09288637566	0.0003512241886	-0.001375445465	0.005445284067
621.0	0.05269178517	0.1899764375	0.0	-0.09299152346	0.000351372399	-0.001376878105	0.005451817502
622.0	0.05275725754	0.1901978968	0.0	-0.09309651769	0.0003515207979	-0.001378308997	0.005458342924
623.0	0.05282265348	0.1904191128	0.0	-0.09320135861	0.000351669382	-0.001379738134	0.005464860339
624.0	0.05288797313	0.1906400857	0.0	-0.09330604649	0.0003518181483	-0.001381165509	0.005471369755
625.0	0.05295321661	0.1908608156	0.0	-0.09341058157	0.0003519670934	-0.001382591116	0.005477871176
626.0	0.05301838407	0.1910813028	0.0	-0.0935149641	0.0003521162138	-0.001384014949	0.005484364609
627.0	0.05308347564	0.1913015472	0.0	-0.09361919434	0.0003522655058	-0.001385437001	0.005490850058
628.0	0.05314849145	0.1915215492	0.0	-0.09372327253	0.0003524149657	-0.001386857267	0.005497327527
629.0	0.05321343165	0.1917413088	0.0	-0.0938271989	0.0003525645897	-0.001388275742	0.005503797023
630.0	0.05327829637	0.1919608261	0.0	-0.09393097371	0.0003527143736	-0.001389692419	0.005510258548
631.0	0.05334308576	0.1921801013	0.0	-0.09403459719	0.0003528643135	-0.001391107295	0.005516712108
632.0	0.05340779995	0.1923991345	0.0	-0.09413806956	0.0003530144051	-0.001392520363	0.005523157707
633.0	0.0534724391	0.1926179257	0.0	-0.09424139108	0.0003531646441	-0.001393931621	0.005529595348
634.0	0.05353700334	0.1928364751	0.0	-0.09434456196	0.0003533150263	-0.001395341062	0.005536025035
635.0	0.05360149282	0.1930547827	0.0	-0.09444758244	0.0003534655472	-0.001396748684	0.005542446771
636.0	0.0536659077	0.1932728486	0.0	-0.09455045274	0.0003536162023	-0.001398154483	0.005548860561
637.0	0.0537302481	0.1934906729	0.0	-0.0946531731	0.0003537669872	-0.001399558454	0.005555266407
638.0	0.05379451418	0.1937082556	0.0	-0.09475574373	0.0003539178972	-0.001400960596	0.005561664314
639.0	0.05385870609	0.1939255967	0.0	-0.09485816487	0.0003540689277	-0.001402360905	0.005568054284
640.0	0.05392282397	0.1941426965	0.0	-0.09496043673	0.0003542200742	-0.001403759379	0.00557443632
641.0	0.05398686798	0.1943595548	0.0	-0.09506255953	0.000354371332	-0.001405156015	0.005580810426
642.0	0.05405083824	0.1945761717	0.0	-0.09516453351	0.0003545226965	-0.001406550812	0.005587176605
643.0	0.05411473492	0.1947925473	0.0	-0.09526635888	0.0003546741629	-0.001407943767	0.005593534861
644.0	0.05417855815	0.1950086816	0.0	-0.09536803585	0.0003548257268	-0.001409334879	0.005599885196
645.0	0.05424230809	0.1952245747	0.0	-0.09546956465	0.0003549773833	-0.001410724148	0.005606227614
646.0	0.05430598487	0.1954402265	0.0	-0.09557094551	0.000355129128	-0.001412111572	0.005612562118
647.0	0.05436958864	0.1956556372	0.0	-0.09567217863	0.0003552809562	-0.00141349715	0.005618888712
648.0	0.05443311954	0.1958708066	0.0	-0.09577326424	0.0003554328634	-0.001414880884	0.005625207399
649.0	0.05449657771	0.196085735	0.0	-0.09587420255	0.0003555848451	-0.001416262772	0.005631518183
650.0	0.0545599633	0.1963004223	0.0	-0.09597499379	0.0003557368967	-0.001417642814	0.005637821068
651.0	0.05462327644	0.1965148685	0.0	-0.09607563817	0.0003558890139	-0.001419021012	0.005644116057
652.0	0.05468651727	0.1967290737	0.0	-0.09617613592	0.0003560411924	-0.001420397367	0.005650403154
653.0	0.05474968593	0.1969430379	0.0	-0.09627648726	0.0003561934277	-0.001421771879	0.005656682364
654.0	0.05481278255	0.1971567611	0.0	-0.0963766924	0.0003563457157	-0.001423144549	0.00566295369
655.0	0.05487580727	0.1973702435	0.0	-0.09647675157	0.0003564980522	-0.00142451538	0.005669217137
656.0	0.05493876022	0.1975834849	0.0	-0.09657666498	0.0003566504331	-0.001425884373	0.005675472711
657.0	0.05500164153	0.1977964856	0.0	-0.09667643287	0.0003568028544	-0.001427251531	0.005681720414
658.0	0.05506445133	0.1980092455	0.0	-0.09677605545	0.0003569553122	-0.001428616855	0.005687960253
659.0	0.05512718975	0.1982217646	0.0	-0.09687553295	0.0003571078026	-0.001429980349	0.005694192232
660.0	0.05518985692	0.1984340431	0.0	-0.09697486559	0.000357260322	-0.001431342015	0.005700416357
661.0	0.05525245295	0.1986460809	0.0	-0.0970740536	0.0003574128666	-0.001432701856	0.005706632633
662.0	0.05531497797	0.1988578782	0.0	-0.0971730972	0.0003575654329	-0.001434059876	0.005712841067
663.0	0.05537743211	0.199069435	0.0	-0.09727199663	0.0003577180175	-0.001435416078	0.005719041663
664.0	0.05543981547	0.1992807515	0.0	-0.09737075211	0.000357870617	-0.001436770465	0.005725234428
665.0	0.05550212818	0.1994918276	0.0	-0.09746936386	0.0003580232281	-0.001438123042	0.005731419368
666.0	0.05556437035	0.1997026634	0.0	-0.09756783214	0.0003581758479	-0.001439473813	0.005737596491
667.0	0.0556265421	0.1999132591	0.0	-0.09766615715	0.0003583284731	-0.001440822781	0.005743765802
668.0	0.05568864353	0.2001236147	0.0	-0.09776433914	0.000358481101	-0.001442169952	0.005749927309
669.0	0.05575067476	0.2003337304	0.0	-0.09786237834	0.0003586337286	-0.001443515329	0.005756081019
670.0	0.05581263588	0.2005436062	0.0	-0.09796027499	0.0003587863534	-0.001444858918	0.00576222694
671.0	0.05587452701	0.2007532422	0.0	-0.09805802932	0.0003589389728	-0.001446200723	0.005768365079
672.0	0.05593634826	0.2009626387	0.0	-0.09815564157	0.0003590915843	-0.001447540749	0.005774495444
673.0	0.05599809971	0.2011717956	0.0	-0.09825311198	0.0003592441856	-0.001448879002	0.005780618043
674.0	0.05605978146	0.2013807132	0.0	-0.0983504408	0.0003593967744	-0.001450215487	0.005786732886
675.0	0.05612139363	0.2015893915	0.0	-0.09844762825	0.0003595493487	-0.001451550208	0.005792839979
676.0	0.0561829363	0.2017978308	0.0	-0.09854467459	0.0003597019064	-0.001452883172	0.005798939333
677.0	0.05624440955	0.2020060311	0.0	-0.09864158005	0.0003598544458	-0.001454214384	0.005805030957
678.0	0.0563058135	0.2022139926	0.0	-0.09873834489	0.0003600069649	-0.00145554385	0.005811114859
679.0	0.05636714822	0.2024217156	0.0	-0.09883496934	0.0003601594622	-0.001456871574	0.005817191049
680.0	0.0564284138	0.2026292	0.0	-0.09893145367	0.0003603119362	-0.001458197564	0.005823259537
681.0	0.05648961033	0.2028364463	0.0	-0.0990277981	0.0003604643853	-0.001459521825	0.005829320332
682.0	0.05655073789	0.2030434544	0.0	-0.0991240029	0.0003606168084	-0.001460844363	0.005835373446
683.0	0.05661179656	0.2032502246	0.0	-0.09922006832	0.0003607692042	-0.001462165184	0.005841418889
684.0	0.05667278643	0.2034567572	0.0	-0.0993159946	0.0003609215716	-0.001463484294	0.00584745667
685.0	0.05673370757	0.2036630523	0.0	-0.09941178199	0.0003610739095	-0.001464801698	0.005853486801
686.0	0.05679456005	0.20386911	0.0	-0.09950743076	0.0003612262172	-0.001466117403	0.005859509292
687.0	0.05685534397	0.2040749308	0.0	-0.09960294116	0.0003613784938	-0.001467431415	0.005865524155
688.0	0.05691605937	0.2042805146	0.0	-0.09969831344	0.0003615307386	-0.00146874374	0.005871531401
689.0	0.05697670635	0.2044858619	0.0	-0.09979354785	0.0003616829511	-0.001470054384	0.005877531042
690.0	0.05703728497	0.2046909728	0.0	-0.09988864466	0.0003618351306	-0.001471363353	0.005883523089
691.0	0.0570977953	0.2048958476	0.0	-0.09998360412	0.0003619872769	-0.001472670654	0.005889507554
692.0	0.05715823741	0.2051004864	0.0	-0.1000784265	0.0003621393896	-0.001473976291	0.005895484449
693.0	0.05721861136	0.2053048896	0.0	-0.100173112	0.0003622914684	-0.001475280272	0.005901453786
694.0	0.05727891723	0.2055090575	0.0	-0.100267661	0.0003624435132	-0.001476582602	0.005907415577
695.0	0.05733915506	0.2057129902	0.0	-0.1003620736	0.000362595524	-0.001477883286	0.005913369835
696.0	0.05739932493	0.2059166881	0.0	-0.1004563503	0.0003627475006	-0.001479182332	0.005919316572
697.0	0.0574594269	0.2061201514	0.0	-0.1005504911	0.0003628994432	-0.001480479745	0.005925255801
698.0	0.05751946103	0.2063233804	0.0	-0.1006444964	0.000363051352	-0.00148177553	0.005931187534
699.0	0.05757942737	0.2065263754	0.0	-0.1007383664	0.0003632032271	-0.001483069694	0.005937111785
700.0	0.05763932599	0.2067291367	0.0	-0.1008321014	0.0003633550688	-0.001484362242	0.005943028566
701.0	0.05769915694	0.2069316645	0.0	-0.1009257017	0.0003635068775	-0.001485653179	0.005948937891
702.0	0.05775892029	0.2071339592	0.0	-0.1010191675	0.0003636586535	-0.001486942511	0.005954839772
703.0	0.05781861608	0.207336021	0.0	-0.1011124991	0.0003638103973	-0.001488230245	0.005960734223
704.0	0.05787824437	0.2075378504	0.0	-0.1012056967	0.0003639621094	-0.001489516384	0.005966621257
705.0	0.05793780522	0.2077394475	0.0	-0.1012987607	0.0003641137903	-0.001490800934	0.005972500887
706.0	0.05799729868	0.2079408126	0.0	-0.1013916912	0.0003642654406	-0.001492083901	0.005978373127
707.0	0.0580567248	0.2081419462	0.0	-0.1014844886	0.000364417061	-0.001493365289	0.00598423799
708.0	0.05811608364	0.2083428485	0.0	-0.101577153	0.0003645686521	-0.001494645104	0.00599009549
709.0	0.05817537525	0.2085435198	0.0	-0.1016696849	0.0003647202146	-0.00149592335	0.00599594564
710.0	0.05823459968	0.2087439605	0.0	-0.1017620843	0.0003648717493	-0.001497200032	0.006001788454
711.0	0.05829375698	0.2089441709	0.0	-0.1018543517	0.0003650232569	-0.001498475156	0.006007623945
712.0	0.05835284721	0.2091441513	0.0	-0.1019464872	0.0003651747382	-0.001499748725	0.006013452127
713.0	0.05841187041	0.209343902	0.0	-0.1020384911	0.000365326194	-0.001501020744	0.006019273013
714.0	0.05847082663	0.2095434234	0.0	-0.1021303637	0.0003654776251	-0.001502291218	0.006025086618
715.0	0.05852971593	0.2097427158	0.0	-0.1022221052	0.0003656290324	-0.00150356015	0.006030892954
716.0	0.05858853836	0.2099417795	0.0	-0.1023137159	0.0003657804168	-0.001504827546	0.006036692036
717.0	0.05864729396	0.2101406149	0.0	-0.1024051961	0.000365931779	-0.001506093408	0.006042483876
718.0	0.0587059828	0.2103392223	0.0	-0.102496546	0.00036608312	-0.001507357741	0.006048268489
719.0	0.0587646049	0.2105376021	0.0	-0.1025877658	0.0003662344406	-0.001508620549	0.006054045887
720.0	0.05882316034	0.2107357545	0.0	-0.1026788559	0.0003663857418	-0.001509881835	0.006059816085
721.0	0.05888164916	0.21093368	0.0	-0.1027698165	0.0003665370243	-0.001511141603	0.006065579096
722.0	0.0589400714	0.2111313788	0.0	-0.1028606479	0.0003666882891	-0.001512399857	0.006071334932
723.0	0.05899842713	0.2113288514	0.0	-0.1029513502	0.000366839537	-0.0015136566	0.006077083608
724.0	0.05905671639	0.211526098	0.0	-0.1030419238	0.0003669907689	-0.001514911835	0.006082825137
725.0	0.05911493923	0.2117231189	0.0	-0.1031323689	0.0003671419856	-0.001516165565	0.006088559532
726.0	0.0591730957	0.2119199146	0.0	-0.1032226858	0.000367293188	-0.001517417794	0.006094286806
727.0	0.05923118586	0.2121164853	0.0	-0.1033128747	0.0003674443768	-0.001518668523	0.006100006972
728.0	0.05928920976	0.2123128315	0.0	-0.1034029359	0.0003675955528	-0.001519917757	0.006105720044
729.0	0.05934716746	0.2125089533	0.0	-0.1034928696	0.0003677467169	-0.001521165498	0.006111426033
730.0	0.059405059	0.2127048512	0.0	-0.103582676	0.0003678978697	-0.001522411747	0.006117124954
731.0	0.05946288443	0.2129005256	0.0	-0.1036723555	0.0003680490121	-0.001523656509	0.006122816818
732.0	0.05952064382	0.2130959766	0.0	-0.1037619082	0.0003682001446	-0.001524899785	0.006128501639
733.0	0.05957833722	0.2132912047	0.0	-0.1038513345	0.0003683512681	-0.001526141577	0.006134179428
734.0	0.05963596468	0.2134862102	0.0	-0.1039406345	0.0003685023831	-0.001527381889	0.0061398502
735.0	0.05969352626	0.2136809935	0.0	-0.1040298085	0.0003686534902	-0.00152862072	0.006145513965
736.0	0.05975102201	0.2138755547	0.0	-0.1041188568	0.0003688045901	-0.001529858075	0.006151170736
737.0	0.059808452	0.2140698944	0.0	-0.1042077795	0.0003689556832	-0.001531093954	0.006156820526
738.0	0.05986581627	0.2142640127	0.0	-0.104296577	0.0003691067702	-0.00153232836	0.006162463346
739.0	0.05992311489	0.2144579101	0.0	-0.1043852494	0.0003692578515	-0.001533561293	0.006168099209
740.0	0.05998034792	0.2146515868	0.0	-0.1044737971	0.0003694089275	-0.001534792757	0.006173728126
741.0	0.06003751541	0.2148450431	0.0	-0.1045622202	0.0003695599987	-0.001536022752	0.006179350109
742.0	0.06009461742	0.2150382795	0.0	-0.104650519	0.0003697110655	-0.001537251279	0.00618496517
743.0	0.06015165402	0.215231296	0.0	-0.1047386936	0.0003698621281	-0.001538478341	0.00619057332
744.0	0.06020862527	0.2154240932	0.0	-0.1048267445	0.0003700131869	-0.001539703938	0.006196174571
745.0	0.06026553122	0.2156166713	0.0	-0.1049146717	0.0003701642421	-0.001540928072	0.006201768934
746.0	0.06032237194	0.2158090305	0.0	-0.1050024755	0.000370315294	-0.001542150744	0.006207356421
747.0	0.0603791475	0.2160011713	0.0	-0.1050901562	0.0003704663427	-0.001543371955	0.006212937042
748.0	0.06043585795	0.2161930939	0.0	-0.1051777139	0.0003706173884	-0.001544591705	0.006218510808
749.0	0.06049250336	0.2163847985	0.0	-0.105265149	0.0003707684312	-0.001545809997	0.006224077731
750.0	0.0605490838	0.2165762855	0.0	-0.1053524615	0.0003709194712	-0.00154702683	0.00622963782
751.0	0.06060559933	0.2167675553	0.0	-0.1054396518	0.0003710705083	-0.001548242207	0.006235191088
752.0	0.06066205002	0.2169586079	0.0	-0.1055267201	0.0003712215425	-0.001549456127	0.006240737543
753.0	0.06071843593	0.2171494438	0.0	-0.1056136666	0.0003713725739	-0.001550668591	0.006246277198
754.0	0.06077475714	0.2173400633	0.0	-0.1057004915	0.0003715236022	-0.0015518796	0.006251810061
755.0	0.0608310137	0.2175304665	0.0	-0.105787195	0.0003716746275	-0.001553089155	0.006257336143
756.0	0.0608872057	0.2177206539	0.0	-0.1058737774	0.0003718256493	-0.001554297256	0.006262855455
757.0	0.06094333319	0.2179106256	0.0	-0.1059602388	0.0003719766677	-0.001555503905	0.006268368006
758.0	0.06099939625	0.2181003819	0.0	-0.1060465796	0.0003721276823	-0.0015567091	0.006273873806
759.0	0.06105539495	0.2182899232	0.0	-0.1061327999	0.0003722786927	-0.001557912844	0.006279372865
760.0	0.06111132936	0.2184792495	0.0	-0.1062188998	0.0003724296988	-0.001559115137	0.006284865193
761.0	0.06116719955	0.2186683614	0.0	-0.1063048798	0.0003725807001	-0.001560315979	0.006290350799
762.0	0.0612230056	0.2188572589	0.0	-0.1063907398	0.0003727316963	-0.00156151537	0.006295829693
763.0	0.06127874757	0.2190459423	0.0	-0.1064764803	0.0003728826869	-0.001562713312	0.006301301884
764.0	0.06133442554	0.2192344119	0.0	-0.1065621012	0.0003730336714	-0.001563909804	0.006306767381
765.0	0.06139003959	0.219422668	0.0	-0.106647603	0.0003731846493	-0.001565104847	0.006312226194
766.0	0.06144558978	0.2196107108	0.0	-0.1067329858	0.0003733356202	-0.001566298441	0.006317678332
767.0	0.06150107619	0.2197985405	0.0	-0.1068182497	0.0003734865834	-0.001567490587	0.006323123803
768.0	0.0615564989	0.2199861574	0.0	-0.1069033951	0.0003736375383	-0.001568681286	0.006328562617
769.0	0.06161185798	0.2201735617	0.0	-0.106988422	0.0003737884844	-0.001569870537	0.006333994782
770.0	0.06166715351	0.2203607537	0.0	-0.1070733308	0.000373939421	-0.001571058341	0.006339420308
771.0	0.06172238557	0.2205477336	0.0	-0.1071581216	0.0003740903474	-0.001572244699	0.006344839203
772.0	0.06177755422	0.2207345017	0.0	-0.1072427946	0.000374241263	-0.001573429611	0.006350251475
773.0	0.06183265955	0.2209210581	0.0	-0.10732735	0.0003743921669	-0.001574613077	0.006355657134
774.0	0.06188770164	0.221107403	0.0	-0.107411788	0.0003745430585	-0.001575795098	0.006361056187
775.0	0.06194268056	0.2212935369	0.0	-0.1074961088	0.0003746939369	-0.001576975674	0.006366448644
776.0	0.06199759638	0.2214794597	0.0	-0.1075803127	0.0003748448015	-0.001578154807	0.006371834512
777.0	0.0620524492	0.2216651719	0.0	-0.1076643997	0.0003749956513	-0.001579332496	0.006377213799
778.0	0.06210723908	0.2218506735	0.0	-0.1077483702	0.0003751464856	-0.001580508741	0.006382586515
779.0	0.0621619661	0.2220359649	0.0	-0.1078322243	0.0003752973034	-0.001581683544	0.006387952667
780.0	0.06221663035	0.2222210462	0.0	-0.1079159622	0.0003754481041	-0.001582856905	0.006393312263
781.0	0.0622712319	0.2224059176	0.0	-0.1079995841	0.0003755988866	-0.001584028825	0.006398665311
782.0	0.06232577082	0.2225905794	0.0	-0.1080830902	0.0003757496501	-0.001585199304	0.00640401182
783.0	0.06238024721	0.2227750318	0.0	-0.1081664806	0.0003759003936	-0.001586368343	0.006409351797
784.0	0.06243466113	0.222959275	0.0	-0.1082497557	0.0003760511164	-0.001587535943	0.00641468525
785.0	0.06248901268	0.2231433091	0.0	-0.1083329155	0.0003762018174	-0.001588702104	0.006420012188
786.0	0.06254330191	0.2233271345	0.0	-0.1084159603	0.0003763524957	-0.001589866827	0.006425332617
787.0	0.06259752893	0.2235107513	0.0	-0.1084988902	0.0003765031504	-0.001591030113	0.006430646547
788.0	0.06265169379	0.2236941597	0.0	-0.1085817055	0.0003766537805	-0.001592191962	0.006435953984
789.0	0.0627057966	0.22387736	0.0	-0.1086644063	0.0003768043851	-0.001593352376	0.006441254937
790.0	0.06275983741	0.2240603522	0.0	-0.1087469929	0.0003769549633	-0.001594511356	0.006446549413
791.0	0.06281381632	0.2242431367	0.0	-0.1088294654	0.000377105514	-0.001595668902	0.006451837419
792.0	0.0628677334	0.2244257137	0.0	-0.1089118239	0.0003772560364	-0.001596825015	0.006457118965
793.0	0.06292158873	0.2246080833	0.0	-0.1089940688	0.0003774065294	-0.001597979696	0.006462394057
794.0	0.06297538239	0.2247902457	0.0	-0.1090762001	0.0003775569921	-0.001599132947	0.006467662702
795.0	0.06302911445	0.2249722012	0.0	-0.1091582181	0.0003777074236	-0.001600284769	0.00647292491
796.0	0.06308278501	0.2251539499	0.0	-0.109240123	0.0003778578228	-0.001601435162	0.006478180686
797.0	0.06313639413	0.225335492	0.0	-0.1093219149	0.000378008189	-0.001602584127	0.00648343004
798.0	0.06318994189	0.2255168278	0.0	-0.109403594	0.000378158521	-0.001603731667	0.006488672978
799.0	0.06324342838	0.2256979575	0.0	-0.1094851606	0.0003783088179	-0.001604877782	0.006493909508
800.0	0.06329685367	0.2258788811	0.0	-0.1095666147	0.0003784590789	-0.001606022473	0.006499139638
801.0	0.06335021783	0.226059599	0.0	-0.1096479566	0.0003786093031	-0.001607165742	0.006504363375
802.0	0.06340352096	0.2262401114	0.0	-0.1097291865	0.0003787594893	-0.001608307591	0.006509580728
803.0	0.06345676311	0.2264204183	0.0	-0.1098103046	0.0003789096369	-0.00160944802	0.006514791703
804.0	0.06350994438	0.2266005201	0.0	-0.109891311	0.0003790597448	-0.00161058703	0.006519996308
805.0	0.06356306484	0.2267804169	0.0	-0.1099722059	0.0003792098122	-0.001611724625	0.006525194551
806.0	0.06361612455	0.2269601089	0.0	-0.1100529895	0.0003793598383	-0.001612860804	0.006530386439
807.0	0.06366912361	0.2271395964	0.0	-0.110133662	0.000379509822	-0.00161399557	0.00653557198
808.0	0.06372206209	0.2273188794	0.0	-0.1102142235	0.0003796597626	-0.001615128924	0.006540751182
809.0	0.06377494006	0.2274979583	0.0	-0.1102946744	0.0003798096593	-0.001616260868	0.006545924053
810.0	0.0638277576	0.2276768332	0.0	-0.1103750146	0.0003799595112	-0.001617391404	0.0065510906
811.0	0.06388051479	0.2278555043	0.0	-0.1104552445	0.0003801093175	-0.001618520532	0.00655625083
812.0	0.06393321169	0.2280339718	0.0	-0.1105353642	0.0003802590773	-0.001619648256	0.006561404752
813.0	0.06398584838	0.2282122359	0.0	-0.1106153739	0.00038040879	-0.001620774576	0.006566552373
814.0	0.06403842495	0.2283902969	0.0	-0.1106952737	0.0003805584547	-0.001621899495	0.006571693701
815.0	0.06409094145	0.2285681548	0.0	-0.1107750639	0.0003807080707	-0.001623023014	0.006576828743
816.0	0.06414339798	0.2287458099	0.0	-0.1108547446	0.0003808576373	-0.001624145135	0.006581957508
817.0	0.06419579459	0.2289232625	0.0	-0.110934316	0.0003810071537	-0.001625265861	0.006587080003
818.0	0.06424813136	0.2291005127	0.0	-0.1110137783	0.0003811566192	-0.001626385192	0.006592196236
819.0	0.06430040837	0.2292775606	0.0	-0.1110931317	0.0003813060331	-0.001627503132	0.006597306215
820.0	0.06435262568	0.2294544066	0.0	-0.1111723763	0.0003814553948	-0.001628619681	0.006602409947
821.0	0.06440478338	0.2296310509	0.0	-0.1112515124	0.0003816047036	-0.001629734843	0.006607507441
822.0	0.06445688153	0.2298074935	0.0	-0.11133054	0.0003817539588	-0.001630848619	0.006612598704
823.0	0.06450892019	0.2299837348	0.0	-0.1114094595	0.0003819031599	-0.00163196101	0.006617683745
824.0	0.06456089946	0.2301597749	0.0	-0.111488271	0.0003820523063	-0.001633072021	0.006622762571
825.0	0.06461281938	0.230335614	0.0	-0.1115669746	0.0003822013973	-0.001634181651	0.00662783519
826.0	0.06466468004	0.2305112524	0.0	-0.1116455705	0.0003823504324	-0.001635289904	0.006632901609
827.0	0.0647164815	0.2306866903	0.0	-0.111724059	0.000382499411	-0.001636396782	0.006637961838
828.0	0.06476822384	0.2308619278	0.0	-0.1118024401	0.0003826483327	-0.001637502286	0.006643015884
829.0	0.06481990712	0.2310369652	0.0	-0.1118807141	0.0003827971968	-0.00163860642	0.006648063755
830.0	0.06487153141	0.2312118026	0.0	-0.1119588812	0.000382946003	-0.001639709185	0.00665310546
831.0	0.06492309679	0.2313864404	0.0	-0.1120369415	0.0003830947507	-0.001640810583	0.006658141005
832.0	0.06497460331	0.2315608787	0.0	-0.1121148952	0.0003832434394	-0.001641910617	0.0066631704
833.0	0.06502605105	0.2317351176	0.0	-0.1121927425	0.0003833920688	-0.001643009289	0.006668193652
834.0	0.06507744007	0.2319091575	0.0	-0.1122704836	0.0003835406383	-0.001644106601	0.00667321077
835.0	0.06512877044	0.2320829986	0.0	-0.1123481187	0.0003836891477	-0.001645202555	0.006678221761
836.0	0.06518004224	0.232256641	0.0	-0.1124256478	0.0003838375963	-0.001646297155	0.006683226634
837.0	0.06523125552	0.232430085	0.0	-0.1125030713	0.000383985984	-0.001647390401	0.006688225397
838.0	0.06528241035	0.2326033307	0.0	-0.1125803892	0.0003841343103	-0.001648482297	0.006693218058
839.0	0.0653335068	0.2327763785	0.0	-0.1126576018	0.0003842825749	-0.001649572844	0.006698204625
840.0	0.06538454493	0.2329492285	0.0	-0.1127347092	0.0003844307775	-0.001650662046	0.006703185108
841.0	0.06543552481	0.2331218809	0.0	-0.1128117117	0.0003845789176	-0.001651749903	0.006708159513
842.0	0.06548644651	0.233294336	0.0	-0.1128886093	0.0003847269951	-0.001652836419	0.006713127849
843.0	0.06553731008	0.2334665939	0.0	-0.1129654024	0.0003848750096	-0.001653921596	0.006718090124
844.0	0.0655881156	0.233638655	0.0	-0.1130420909	0.0003850229608	-0.001655005437	0.006723046347
845.0	0.06563886313	0.2338105194	0.0	-0.1131186752	0.0003851708485	-0.001656087942	0.006727996526
846.0	0.06568955273	0.2339821873	0.0	-0.1131951554	0.0003853186725	-0.001657169116	0.006732940669
847.0	0.06574018447	0.2341536589	0.0	-0.1132715317	0.0003854664324	-0.00165824896	0.006737878785
848.0	0.06579075841	0.2343249346	0.0	-0.1133478042	0.0003856141281	-0.001659327476	0.006742810881
849.0	0.06584127462	0.2344960144	0.0	-0.1134239731	0.0003857617593	-0.001660404667	0.006747736967
850.0	0.06589173315	0.2346668987	0.0	-0.1135000387	0.0003859093259	-0.001661480535	0.00675265705
851.0	0.06594213407	0.2348375876	0.0	-0.113576001	0.0003860568276	-0.001662555082	0.006757571139
852.0	0.06599247745	0.2350080814	0.0	-0.1136518603	0.0003862042643	-0.001663628311	0.006762479242
853.0	0.06604276334	0.2351783803	0.0	-0.1137276167	0.0003863516357	-0.001664700223	0.006767381367
854.0	0.06609299181	0.2353484845	0.0	-0.1138032704	0.0003864989417	-0.001665770822	0.006772277523
855.0	0.06614316292	0.2355183942	0.0	-0.1138788216	0.0003866461822	-0.001666840109	0.006777167719
856.0	0.06619327674	0.2356881098	0.0	-0.1139542704	0.000386793357	-0.001667908086	0.006782051962
857.0	0.06624333332	0.2358576313	0.0	-0.1140296171	0.000386940466	-0.001668974757	0.006786930261
858.0	0.06629333273	0.2360269591	0.0	-0.1141048617	0.000387087509	-0.001670040122	0.006791802624
859.0	0.06634327503	0.2361960933	0.0	-0.1141800046	0.0003872344858	-0.001671104185	0.00679666906
860.0	0.06639316028	0.2363650342	0.0	-0.1142550457	0.0003873813965	-0.001672166947	0.006801529577
861.0	0.06644298854	0.2365337819	0.0	-0.1143299854	0.0003875282408	-0.001673228411	0.006806384183
862.0	0.06649275988	0.2367023369	0.0	-0.1144048238	0.0003876750186	-0.001674288578	0.006811232886
863.0	0.06654247435	0.2368706991	0.0	-0.1144795611	0.0003878217299	-0.001675347451	0.006816075696
864.0	0.06659213201	0.237038869	0.0	-0.1145541973	0.0003879683746	-0.001676405033	0.00682091262
865.0	0.06664173294	0.2372068467	0.0	-0.1146287328	0.0003881149524	-0.001677461324	0.006825743666
866.0	0.06669127718	0.2373746324	0.0	-0.1147031677	0.0003882614635	-0.001678516328	0.006830568843
867.0	0.0667407648	0.2375422264	0.0	-0.1147775021	0.0003884079076	-0.001679570046	0.006835388159
868.0	0.06679019586	0.2377096289	0.0	-0.1148517362	0.0003885542846	-0.00168062248	0.006840201623
869.0	0.06683957042	0.2378768401	0.0	-0.1149258702	0.0003887005946	-0.001681673632	0.006845009242
870.0	0.06688888855	0.2380438603	0.0	-0.1149999042	0.0003888468373	-0.001682723506	0.006849811026
871.0	0.06693815029	0.2382106896	0.0	-0.1150738385	0.0003889930128	-0.001683772101	0.006854606981
872.0	0.06698735572	0.2383773284	0.0	-0.1151476732	0.0003891391209	-0.001684819421	0.006859397118
873.0	0.06703650488	0.2385437768	0.0	-0.1152214084	0.0003892851616	-0.001685865468	0.006864181442
874.0	0.06708559786	0.238710035	0.0	-0.1152950443	0.0003894311348	-0.001686910242	0.006868959964
875.0	0.06713463469	0.2388761034	0.0	-0.1153685812	0.0003895770404	-0.001687953747	0.006873732691
876.0	0.06718361545	0.239041982	0.0	-0.1154420191	0.0003897228783	-0.001688995985	0.00687849963
877.0	0.0672325402	0.2392076712	0.0	-0.1155153582	0.0003898686484	-0.001690036956	0.006883260792
878.0	0.06728140899	0.2393731712	0.0	-0.1155885987	0.0003900143508	-0.001691076663	0.006888016183
879.0	0.06733022189	0.2395384822	0.0	-0.1156617408	0.0003901599852	-0.001692115109	0.006892765811
880.0	0.06737897895	0.2397036043	0.0	-0.1157347846	0.0003903055516	-0.001693152294	0.006897509685
881.0	0.06742768023	0.239868538	0.0	-0.1158077303	0.0003904510499	-0.00169418822	0.006902247813
882.0	0.06747632581	0.2400332833	0.0	-0.1158805781	0.0003905964801	-0.00169522289	0.006906980203
883.0	0.06752491573	0.2401978404	0.0	-0.1159533281	0.000390741842	-0.001696256305	0.006911706862
884.0	0.06757345006	0.2403622098	0.0	-0.1160259804	0.0003908871355	-0.001697288466	0.0069164278
885.0	0.06762192885	0.2405263914	0.0	-0.1160985353	0.0003910323607	-0.001698319377	0.006921143024
886.0	0.06767035217	0.2406903856	0.0	-0.116170993	0.0003911775172	-0.001699349038	0.006925852541
887.0	0.06771872008	0.2408541926	0.0	-0.1162433534	0.0003913226052	-0.001700377451	0.00693055636
888.0	0.06776703265	0.2410178126	0.0	-0.116315617	0.0003914676244	-0.001701404617	0.006935254489
889.0	0.06781528991	0.2411812459	0.0	-0.1163877837	0.0003916125747	-0.00170243054	0.006939946935
890.0	0.06786349195	0.2413444926	0.0	-0.1164598537	0.0003917574561	-0.001703455219	0.006944633707
891.0	0.06791163882	0.241507553	0.0	-0.1165318273	0.0003919022684	-0.001704478657	0.006949314813
892.0	0.06795973058	0.2416704273	0.0	-0.1166037046	0.0003920470115	-0.001705500856	0.006953990259
893.0	0.06800776729	0.2418331157	0.0	-0.1166754857	0.0003921916853	-0.001706521817	0.006958660055
894.0	0.06805574902	0.2419956184	0.0	-0.1167471708	0.0003923362897	-0.001707541541	0.006963324207
895.0	0.06810367581	0.2421579357	0.0	-0.11681876	0.0003924808244	-0.001708560031	0.006967982724
896.0	0.06815154774	0.2423200678	0.0	-0.1168902536	0.0003926252895	-0.001709577287	0.006972635613
897.0	0.06819936486	0.2424820149	0.0	-0.1169616516	0.0003927696847	-0.001710593312	0.006977282882
898.0	0.06824712724	0.2426437772	0.0	-0.1170329543	0.0003929140099	-0.001711608107	0.006981924538
899.0	0.06829483493	0.2428053549	0.0	-0.1171041617	0.000393058265	-0.001712621673	0.00698656059
900.0	0.068342488	0.2429667483	0.0	-0.1171752741	0.0003932024498	-0.001713634012	0.006991191045
901.0	0.06839008651	0.2431279575	0.0	-0.1172462916	0.0003933465641	-0.001714645126	0.00699581591
902.0	0.06843763051	0.2432889828	0.0	-0.1173172143	0.0003934906078	-0.001715655016	0.007000435194
903.0	0.06848512007	0.2434498244	0.0	-0.1173880425	0.0003936345808	-0.001716663683	0.007005048902
904.0	0.06853255526	0.2436104825	0.0	-0.1174587762	0.0003937784827	-0.001717671129	0.007009657045
905.0	0.06857993612	0.2437709573	0.0	-0.1175294156	0.0003939223136	-0.001718677356	0.007014259627
906.0	0.06862726272	0.243931249	0.0	-0.1175999609	0.0003940660731	-0.001719682364	0.007018856658
907.0	0.06867453513	0.2440913579	0.0	-0.1176704123	0.0003942097611	-0.001720686156	0.007023448145
908.0	0.0687217534	0.2442512842	0.0	-0.1177407698	0.0003943533775	-0.001721688733	0.007028034094
909.0	0.0687689176	0.244411028	0.0	-0.1178110336	0.0003944969219	-0.001722690096	0.007032614514
910.0	0.06881602778	0.2445705896	0.0	-0.117881204	0.0003946403943	-0.001723690246	0.007037189412
911.0	0.06886308401	0.2447299692	0.0	-0.1179512809	0.0003947837944	-0.001724689185	0.007041758794
912.0	0.06891008635	0.2448891669	0.0	-0.1180212647	0.000394927122	-0.001725686915	0.00704632267
913.0	0.06895703486	0.2450481831	0.0	-0.1180911554	0.000395070377	-0.001726683437	0.007050881044
914.0	0.0690039296	0.2452070179	0.0	-0.1181609532	0.000395213559	-0.001727678751	0.007055433927
915.0	0.06905077063	0.2453656715	0.0	-0.1182306582	0.0003953566679	-0.001728672861	0.007059981323
916.0	0.06909755801	0.2455241442	0.0	-0.1183002707	0.0003954997034	-0.001729665766	0.007064523241
917.0	0.06914429181	0.2456824361	0.0	-0.1183697906	0.0003956426653	-0.001730657469	0.007069059687
918.0	0.06919097208	0.2458405474	0.0	-0.1184392183	0.0003957855535	-0.00173164797	0.00707359067
919.0	0.0692375989	0.2459984784	0.0	-0.1185085538	0.0003959283676	-0.001732637271	0.007078116196
920.0	0.06928417231	0.2461562292	0.0	-0.1185777972	0.0003960711075	-0.001733625374	0.007082636272
921.0	0.06933069238	0.2463138001	0.0	-0.1186469488	0.0003962137728	-0.00173461228	0.007087150905
922.0	0.06937715917	0.2464711912	0.0	-0.1187160087	0.0003963563634	-0.001735597989	0.007091660103
923.0	0.06942357274	0.2466284028	0.0	-0.1187849771	0.000396498879	-0.001736582504	0.007096163872
924.0	0.06946993316	0.2467854351	0.0	-0.118853854	0.0003966413194	-0.001737565826	0.00710066222
925.0	0.06951624048	0.2469422882	0.0	-0.1189226396	0.0003967836843	-0.001738547956	0.007105155154
926.0	0.06956249476	0.2470989624	0.0	-0.1189913341	0.0003969259734	-0.001739528896	0.007109642681
927.0	0.06960869608	0.2472554579	0.0	-0.1190599376	0.0003970681866	-0.001740508646	0.007114124807
928.0	0.06965484448	0.2474117748	0.0	-0.1191284502	0.0003972103235	-0.001741487209	0.00711860154
929.0	0.06970094003	0.2475679134	0.0	-0.1191968722	0.0003973523839	-0.001742464585	0.007123072886
930.0	0.0697469828	0.2477238739	0.0	-0.1192652036	0.0003974943676	-0.001743440776	0.007127538853
931.0	0.06979297283	0.2478796565	0.0	-0.1193334446	0.0003976362742	-0.001744415783	0.007131999448
932.0	0.0698389102	0.2480352613	0.0	-0.1194015953	0.0003977781036	-0.001745389607	0.007136454678
933.0	0.06988479497	0.2481906886	0.0	-0.119469656	0.0003979198554	-0.001746362251	0.007140904548
934.0	0.06993062719	0.2483459386	0.0	-0.1195376266	0.0003980615294	-0.001747333715	0.007145349067
935.0	0.06997640692	0.2485010114	0.0	-0.1196055074	0.0003982031254	-0.001748304	0.007149788241
936.0	0.07002213424	0.2486559073	0.0	-0.1196732986	0.000398344643	-0.001749273108	0.007154222078
937.0	0.07006780919	0.2488106264	0.0	-0.1197410001	0.0003984860821	-0.001750241041	0.007158650583
938.0	0.07011343184	0.248965169	0.0	-0.1198086123	0.0003986274423	-0.001751207799	0.007163073763
939.0	0.07015900225	0.2491195353	0.0	-0.1198761352	0.0003987687234	-0.001752173384	0.007167491627
940.0	0.07020452048	0.2492737254	0.0	-0.119943569	0.0003989099251	-0.001753137798	0.007171904179
941.0	0.07024998659	0.2494277395	0.0	-0.1200109138	0.0003990510472	-0.001754101041	0.007176311428
942.0	0.07029540065	0.2495815779	0.0	-0.1200781697	0.0003991920893	-0.001755063115	0.007180713379
943.0	0.07034076271	0.2497352407	0.0	-0.120145337	0.0003993330513	-0.001756024022	0.00718511004
944.0	0.07038607283	0.2498887281	0.0	-0.1202124156	0.0003994739329	-0.001756983762	0.007189501417
945.0	0.07043133107	0.2500420404	0.0	-0.1202794059	0.0003996147337	-0.001757942338	0.007193887518
946.0	0.0704765375	0.2501951777	0.0	-0.1203463079	0.0003997554536	-0.00175889975	0.007198268348
947.0	0.07052169218	0.2503481401	0.0	-0.1204131217	0.0003998960923	-0.001759856	0.007202643915
948.0	0.07056679516	0.250500928	0.0	-0.1204798475	0.0004000366496	-0.001760811089	0.007207014225
949.0	0.0706118465	0.2506535415	0.0	-0.1205464855	0.0004001771251	-0.001761765019	0.007211379285
950.0	0.07065684627	0.2508059807	0.0	-0.1206130357	0.0004003175186	-0.001762717791	0.007215739101
951.0	0.07070179453	0.250958246	0.0	-0.1206794984	0.0004004578299	-0.001763669406	0.007220093681
952.0	0.07074669133	0.2511103374	0.0	-0.1207458736	0.0004005980587	-0.001764619866	0.007224443031
953.0	0.07079153674	0.2512622552	0.0	-0.1208121615	0.0004007382048	-0.001765569173	0.007228787157
954.0	0.07083633081	0.2514139995	0.0	-0.1208783622	0.0004008782679	-0.001766517327	0.007233126067
955.0	0.07088107361	0.2515655706	0.0	-0.1209444758	0.0004010182478	-0.00176746433	0.007237459766
956.0	0.07092576519	0.2517169686	0.0	-0.1210105026	0.0004011581442	-0.001768410184	0.007241788262
957.0	0.07097040561	0.2518681938	0.0	-0.1210764425	0.000401297957	-0.001769354889	0.007246111562
958.0	0.07101499494	0.2520192462	0.0	-0.1211422959	0.0004014376858	-0.001770298448	0.00725042967
959.0	0.07105953323	0.2521701262	0.0	-0.1212080627	0.0004015773304	-0.001771240862	0.007254742596
960.0	0.07110402054	0.2523208339	0.0	-0.1212737432	0.0004017168906	-0.001772182132	0.007259050344
961.0	0.07114845694	0.2524713695	0.0	-0.1213393375	0.0004018563661	-0.001773122259	0.007263352921
962.0	0.07119284247	0.2526217332	0.0	-0.1214048457	0.0004019957568	-0.001774061246	0.007267650335
963.0	0.07123717721	0.2527719251	0.0	-0.1214702679	0.0004021350624	-0.001774999092	0.007271942592
964.0	0.0712814612	0.2529219455	0.0	-0.1215356043	0.0004022742827	-0.001775935801	0.007276229697
965.0	0.07132569451	0.2530717946	0.0	-0.121600855	0.0004024134175	-0.001776871373	0.007280511659
966.0	0.07136987719	0.2532214725	0.0	-0.1216660201	0.0004025524665	-0.00177780581	0.007284788483
967.0	0.07141400931	0.2533709795	0.0	-0.1217310999	0.0004026914296	-0.001778739114	0.007289060176
968.0	0.07145809092	0.2535203157	0.0	-0.1217960943	0.0004028303065	-0.001779671285	0.007293326744
969.0	0.07150212209	0.2536694813	0.0	-0.1218610036	0.0004029690971	-0.001780602325	0.007297588195
970.0	0.07154610286	0.2538184765	0.0	-0.1219258279	0.000403107801	-0.001781532236	0.007301844533
971.0	0.0715900333	0.2539673015	0.0	-0.1219905673	0.0004032464182	-0.001782461019	0.007306095767
972.0	0.07163391346	0.2541159565	0.0	-0.1220552219	0.0004033849485	-0.001783388675	0.007310341903
973.0	0.07167774341	0.2542644416	0.0	-0.1221197919	0.0004035233916	-0.001784315207	0.007314582947
974.0	0.0717215232	0.2544127571	0.0	-0.1221842775	0.0004036617473	-0.001785240615	0.007318818905
975.0	0.07176525289	0.2545609032	0.0	-0.1222486786	0.0004038000155	-0.001786164901	0.007323049785
976.0	0.07180893254	0.25470888	0.0	-0.1223129956	0.000403938196	-0.001787088067	0.007327275592
977.0	0.0718525622	0.2548566878	0.0	-0.1223772284	0.0004040762885	-0.001788010114	0.007331496333
978.0	0.07189614193	0.2550043267	0.0	-0.1224413773	0.000404214293	-0.001788931043	0.007335712015
979.0	0.07193967179	0.2551517968	0.0	-0.1225054423	0.0004043522093	-0.001789850856	0.007339922644
980.0	0.07198315184	0.2552990985	0.0	-0.1225694237	0.0004044900371	-0.001790769554	0.007344128226
981.0	0.07202658214	0.2554462319	0.0	-0.1226333215	0.0004046277764	-0.00179168714	0.007348328769
982.0	0.07206996273	0.2555931971	0.0	-0.1226971358	0.0004047654269	-0.001792603614	0.007352524278
983.0	0.07211329368	0.2557399944	0.0	-0.1227608668	0.0004049029885	-0.001793518978	0.00735671476
984.0	0.07215657504	0.255886624	0.0	-0.1228245147	0.0004050404611	-0.001794433233	0.007360900221
985.0	0.07219980688	0.256033086	0.0	-0.1228880794	0.0004051778444	-0.001795346381	0.007365080669
986.0	0.07224298925	0.2561793806	0.0	-0.1229515613	0.0004053151383	-0.001796258424	0.007369256109
987.0	0.07228612219	0.256325508	0.0	-0.1230149604	0.0004054523428	-0.001797169362	0.007373426547
988.0	0.07232920578	0.2564714685	0.0	-0.1230782768	0.0004055894576	-0.001798079198	0.007377591991
989.0	0.07237224007	0.2566172621	0.0	-0.1231415106	0.0004057264825	-0.001798987933	0.007381752446
990.0	0.07241522511	0.2567628891	0.0	-0.1232046621	0.0004058634176	-0.001799895568	0.00738590792
991.0	0.07245816096	0.2569083497	0.0	-0.1232677313	0.0004060002625	-0.001800802105	0.007390058418
992.0	0.07250104768	0.2570536441	0.0	-0.1233307183	0.0004061370173	-0.001801707545	0.007394203947
993.0	0.07254388532	0.2571987724	0.0	-0.1233936233	0.0004062736817	-0.00180261189	0.007398344513
994.0	0.07258667393	0.2573437348	0.0	-0.1234564464	0.0004064102556	-0.001803515142	0.007402480123
995.0	0.07262941358	0.2574885316	0.0	-0.1235191878	0.000406546739	-0.001804417301	0.007406610783
996.0	0.07267210432	0.2576331628	0.0	-0.1235818475	0.0004066831316	-0.00180531837	0.0074107365
997.0	0.0727147462	0.2577776288	0.0	-0.1236444256	0.0004068194334	-0.001806218349	0.007414857279
998.0	0.07275733929	0.2579219296	0.0	-0.1237069224	0.0004069556443	-0.001807117241	0.007418973128
999.0	0.07279988363	0.2580660656	0.0	-0.123769338	0.0004070917641	-0.001808015047	0.007423084053
1000.0	0.07284237928	0.2582100367	0.0	-0.1238316723	0.0004072277927	-0.001808911768	0.007427190059
