# (1)t	# (2) P[1<--1](t)	# (3) P[1<--2](t)	# (4) P[1<--3](t)	# (5) P[1<--4](t)	# (6) P[1<--5](t)	# (7) P[1<--6](t)	# (8) P[1<--7](t)
0.0	0.0	0.0	0.0	0.0	0.0	0.0	0.0
1.0	0.0	-0.0002727038376	-1.072199215e-6	-1.234649425e-6	-1.592238354e-6	-6.652555045e-6	-3.474903905e-6
2.0	0.0	-0.001089817007	-4.282805544e-6	-4.93659248e-6	-6.366786294e-6	-2.657256311e-5	-1.388595782e-5
3.0	0.0	-0.002448462697	-9.614430895e-6	-1.110032561e-5	-1.431781132e-5	-5.965005346e-5	-3.119372485e-5
4.0	0.0	-0.004344042176	-1.703918798e-5	-1.971748217e-5	-2.543664566e-5	-0.00010570698	-5.533506412e-5
5.0	0.0	-0.006770308003	-2.651932874e-5	-3.077703709e-5	-3.97120479e-5	-0.000164499793	-8.622418258e-5
6.0	0.0	-0.009719433813	-3.800792261e-5	-4.426544601e-5	-5.71303657e-5	-0.0002357222724	-0.0001237536777
7.0	0.0	-0.01318208524	-5.144958526e-5	-6.016674363e-5	-7.767563219e-5	-0.0003190087055	-0.0001677956271
8.0	0.0	-0.01714749346	-6.678125609e-5	-7.846261202e-5	-0.0001013296103	-0.0004139374113	-0.0002182027399
9.0	0.0	-0.0216035316	-8.393301805e-5	-9.913242478e-5	-0.0001280717936	-0.0005200345881	-0.0002748095714
10.0	0.0	-0.02653679392	-0.0001028289517	-0.0001221532708	-0.000157879369	-0.0006367784452	-0.0003374337948
11.0	0.0	-0.03193267734	-0.0001233880147	-0.000147499961	-0.0001907271467	-0.0007636035753	-0.0004058775223
12.0	0.0	-0.03777546491	-0.0001455249374	-0.0001751450198	-0.0002265874619	-0.0008999055225	-0.0004799286667
13.0	0.0	-0.04404841073	-0.0001691511258	-0.0002050586661	-0.0002654300527	-0.001045045498	-0.0005593623329
14.0	0.0	-0.05073382584	-0.0001941755634	-0.000237208783	-0.0003072219185	-0.0011983552	-0.0006439422301
15.0	0.0	-0.05781316463	-0.0002205057033	-0.0002715608826	-0.0003519271637	-0.00135914169	-0.0007334220955
16.0	0.0	-0.06526711127	-0.0002480483428	-0.0003080780652	-0.0003995068316	-0.001526692283	-0.0008275471199
17.0	0.0	-0.07307566589	-0.0002767104741	-0.0003467209773	-0.0004499187318	-0.001700279417	-0.0009260553665
18.0	0.0	-0.08121822992	-0.0003064001031	-0.0003874477697	-0.0005031172667	-0.001879165455	-0.001028679175
19.0	0.0	-0.08967369047	-0.000337027032	-0.0004302140587	-0.00055905326	-0.002062607386	-0.001135146541
20.0	0.0	-0.09842050314	-0.0003685035987	-0.0004749728923	-0.0006176737922	-0.002249861397	-0.001245182472
21.0	0.0	-0.1074367732	-0.0004007453699	-0.000521674723	-0.0006789220468	-0.002440187284	-0.001358510296
22.0	0.0	-0.116700335	-0.0004336717826	-0.0005702673894	-0.0007427371693	-0.002632852673	-0.001474852937
23.0	0.0	-0.1261888285	-0.0004672067317	-0.0006206961088	-0.000809054144	-0.002827137025	-0.001593934139
24.0	0.0	-0.1358797743	-0.0005012791001	-0.0006729034808	-0.0008778036902	-0.003022335419	-0.001715479639
25.0	0.0	-0.145750645	-0.0005358232303	-0.0007268295044	-0.0009489121807	-0.003217762073	-0.001839218275
26.0	0.0	-0.155778935	-0.0005707793354	-0.0007824116099	-0.001022301585	-0.003412753614	-0.001964883048
27.0	0.0	-0.1659422261	-0.0006060938485	-0.0008395847043	-0.001097889437	-0.003606672059	-0.002092212105
28.0	0.0	-0.1762182511	-0.0006417197118	-0.0008982812341	-0.001175588835	-0.003798907528	-0.002220949666
29.0	0.0	-0.1865849534	-0.0006776166031	-0.0009584312627	-0.001255308462	-0.003988880654	-0.002350846879
30.0	0.0	-0.1970205445	-0.0007137511032	-0.001019962565	-0.001336952648	-0.004176044712	-0.002481662603
31.0	0.0	-0.2075035572	-0.0007500968035	-0.001082800738	-0.001420421447	-0.004359887447	-0.002613164126
32.0	0.0	-0.218012896	-0.0007866343572	-0.001146869326	-0.001505610757	-0.004539932618	-0.00274512781
33.0	0.0	-0.2285278847	-0.0008233514742	-0.001212089966	-0.001592412464	-0.004715741248	-0.002877339659
34.0	0.0	-0.2390283095	-0.000860242864	-0.001278382542	-0.001680714614	-0.004886912601	-0.003009595827
35.0	0.0	-0.2494944603	-0.0008973101285	-0.001345665357	-0.001770401616	-0.00505308488	-0.003141703049
36.0	0.0	-0.2599071676	-0.0009345616074	-0.001413855322	-0.001861354471	-0.005213935661	-0.003273479004
37.0	0.0	-0.2702478371	-0.0009720121801	-0.001482868149	-0.001953451029	-0.005369182073	-0.003404752615
38.0	0.0	-0.2804984806	-0.001009683027	-0.001552618566	-0.002046566266	-0.005518580741	-0.003535364279
39.0	0.0	-0.2906417437	-0.001047601352	-0.001623020531	-0.002140572587	-0.00566192749	-0.003665166038
40.0	0.0	-0.3006609316	-0.001085800078	-0.001693987466	-0.002235340153	-0.00579905684	-0.003794021688
41.0	0.0	-0.3105400305	-0.001124317505	-0.001765432491	-0.002330737217	-0.005929841303	-0.003921806824
42.0	0.0	-0.3202637273	-0.001163196943	-0.001837268665	-0.002426630488	-0.00605419048	-0.004048408843
43.0	0.0	-0.3298174258	-0.001202486331	-0.001909409236	-0.0025228855	-0.006172050004	-0.004173726879
44.0	0.0	-0.339187261	-0.00124223783	-0.001981767892	-0.002619366999	-0.006283400315	-0.004297671699
45.0	0.0	-0.3483601101	-0.001282507398	-0.002054259008	-0.002715939339	-0.006388255297	-0.004420165548
46.0	0.0	-0.3573236013	-0.001323354366	-0.002126797904	-0.002812466881	-0.006486660799	-0.004541141948
47.0	0.0	-0.3660661208	-0.00136484099	-0.002199301092	-0.002908814402	-0.006578693035	-0.004660545468
48.0	0.0	-0.3745768164	-0.001407032017	-0.002271686524	-0.003004847504	-0.006664456902	-0.004778331439
49.0	0.0	-0.3828456001	-0.001449994228	-0.002343873837	-0.003100433022	-0.006744084212	-0.004894465652
50.0	0.0	-0.390863148	-0.001493796002	-0.00241578459	-0.003195439435	-0.006817731867	-0.005008924017
51.0	0.0	-0.398620898	-0.001538506873	-0.002487342495	-0.003289737265	-0.006885579976	-0.005121692194
52.0	0.0	-0.4061110468	-0.001584197097	-0.002558473637	-0.003383199472	-0.006947829948	-0.005232765204
53.0	0.0	-0.4133265438	-0.001630937229	-0.002629106691	-0.003475701847	-0.007004702552	-0.005342147015
54.0	0.0	-0.4202610841	-0.00167879771	-0.002699173121	-0.003567123384	-0.007056435977	-0.005449850115
55.0	0.0	-0.4269090999	-0.001727848469	-0.002768607369	-0.003657346642	-0.007103283879	-0.005555895059
56.0	0.0	-0.4332657504	-0.001778158541	-0.002837347037	-0.003746258102	-0.007145513461	-0.005660310022
57.0	0.0	-0.4393269102	-0.001829795701	-0.002905333051	-0.003833748491	-0.007183403556	-0.005763130318
58.0	0.0	-0.4450891565	-0.001882826118	-0.002972509807	-0.003919713105	-0.00721724276	-0.005864397936
59.0	0.0	-0.4505497554	-0.001937314023	-0.003038825312	-0.004004052104	-0.00724732759	-0.005964161057
60.0	0.0	-0.4557066469	-0.00199332141	-0.003104231299	-0.004086670785	-0.007273960707	-0.006062473568
61.0	0.0	-0.4605584285	-0.002050907745	-0.003168683339	-0.004167479842	-0.007297449186	-0.006159394587
62.0	0.0	-0.4651043389	-0.002110129706	-0.00323214092	-0.004246395599	-0.007318102849	-0.006254987981
63.0	0.0	-0.4693442399	-0.002171040944	-0.003294567529	-0.004323340218	-0.007336232674	-0.006349321889
64.0	0.0	-0.473278598	-0.002233691864	-0.003355930701	-0.004398241888	-0.007352149269	-0.006442468256
65.0	0.0	-0.4769084655	-0.002298129435	-0.003416202065	-0.004471034986	-0.007366161432	-0.006534502367
66.0	0.0	-0.4802354603	-0.002364397015	-0.003475357361	-0.004541660216	-0.007378574786	-0.006625502399
67.0	0.0	-0.483261746	-0.002432534208	-0.003533376454	-0.004610064726	-0.0073896905	-0.006715548978
68.0	0.0	-0.4859900113	-0.002502576737	-0.003590243322	-0.004676202193	-0.007399804102	-0.006804724748
69.0	0.0	-0.4884234483	-0.002574556345	-0.003645946034	-0.004740032887	-0.007409204369	-0.006893113954
70.0	0.0	-0.4905657317	-0.00264850071	-0.003700476713	-0.004801523716	-0.007418172318	-0.006980802043
71.0	0.0	-0.4924209965	-0.002724433387	-0.003753831479	-0.004860648236	-0.007426980277	-0.007067875272
72.0	0.0	-0.4939938167	-0.002802373772	-0.003806010385	-0.004917386648	-0.00743589105	-0.007154420342
73.0	0.0	-0.4952891824	-0.00288233708	-0.003857017339	-0.004971725764	-0.00744515717	-0.007240524035
74.0	0.0	-0.4963124782	-0.002964334345	-0.003906860005	-0.005023658952	-0.007455020237	-0.007326272886
75.0	0.0	-0.4970694609	-0.003048372438	-0.003955549706	-0.005073186064	-0.007465710348	-0.007411752854
76.0	0.0	-0.4975662367	-0.003134454102	-0.004003101301	-0.005120313336	-0.007477445599	-0.007497049025
77.0	0.0	-0.4978092396	-0.003222578	-0.004049533064	-0.00516505327	-0.007490431688	-0.007582245326
78.0	0.0	-0.4978052088	-0.003312738783	-0.004094866544	-0.0052074245	-0.007504861576	-0.007667424256
79.0	0.0	-0.4975611667	-0.003404927165	-0.004139126425	-0.005247451635	-0.007520915241	-0.007752666645
80.0	0.0	-0.4970843971	-0.003499130018	-0.004182340371	-0.005285165089	-0.007538759495	-0.007838051416
81.0	0.0	-0.4963824236	-0.003595330476	-0.004224538865	-0.005320600887	-0.00755854788	-0.007923655382
82.0	0.0	-0.4954629878	-0.003693508045	-0.004265755048	-0.005353800465	-0.007580420623	-0.008009553047
83.0	0.0	-0.4943340283	-0.00379363873	-0.004306024546	-0.005384810452	-0.007604504657	-0.008095816432
84.0	0.0	-0.4930036598	-0.003895695163	-0.004345385294	-0.005413682439	-0.007630913704	-0.008182514918
85.0	0.0	-0.4914801525	-0.003999646749	-0.004383877358	-0.005440472735	-0.00765974841	-0.008269715106
86.0	0.0	-0.4897719114	-0.004105459805	-0.004421542755	-0.005465242114	-0.007691096533	-0.00835748069
87.0	0.0	-0.4878874574	-0.004213097715	-0.004458425269	-0.005488055557	-0.00772503318	-0.008445872352
88.0	0.0	-0.4858354066	-0.004322521086	-0.004494570267	-0.005508981979	-0.007761621088	-0.008534947668
89.0	0.0	-0.4836244523	-0.004433687905	-0.004530024516	-0.00552809395	-0.007800910941	-0.008624761033
90.0	0.0	-0.4812633456	-0.004546553707	-0.004564835995	-0.005545467418	-0.00784294173	-0.008715363598
91.0	0.0	-0.4787608778	-0.004661071733	-0.004599053718	-0.00556118142	-0.007887741142	-0.008806803223
92.0	0.0	-0.4761258623	-0.0047771931	-0.004632727548	-0.005575317791	-0.007935325973	-0.008899124441
93.0	0.0	-0.4733671176	-0.004894866967	-0.004665908022	-0.005587960873	-0.007985702577	-0.008992368439
94.0	0.0	-0.4704934507	-0.005014040698	-0.004698646174	-0.005599197224	-0.008038867325	-0.009086573046
95.0	0.0	-0.4675136408	-0.005134660032	-0.004730993365	-0.005609115322	-0.00809480709	-0.009181772739
96.0	0.0	-0.4644364235	-0.005256669244	-0.004763001115	-0.005617805277	-0.008153499743	-0.009277998653
97.0	0.0	-0.4612704761	-0.005380011308	-0.004794720938	-0.005625358536	-0.008214914661	-0.009375278606
98.0	0.0	-0.4580244028	-0.005504628054	-0.00482620419	-0.005631867603	-0.008279013244	-0.009473637134
99.0	0.0	-0.454706721	-0.005630460331	-0.004857501912	-0.005637425754	-0.008345749435	-0.009573095531
100.0	0.0	-0.4513258475	-0.005757448155	-0.004888664687	-0.005642126756	-0.008415070249	-0.009673671901
101.0	0.0	-0.4478900859	-0.00588553086	-0.004919742499	-0.0056460646	-0.008486916295	-0.009775381216
102.0	0.0	-0.4444076145	-0.006014647247	-0.004950784601	-0.005649333234	-0.008561222298	-0.009878235383
103.0	0.0	-0.4408864744	-0.006144735723	-0.004981839386	-0.005652026303	-0.00863791762	-0.009982243312
104.0	0.0	-0.4373345585	-0.006275734439	-0.005012954271	-0.005654236899	-0.008716926768	-0.010087411
105.0	0.0	-0.4337596013	-0.006407581422	-0.005044175583	-0.005656057318	-0.008798169898	-0.01019374161
106.0	0.0	-0.4301691685	-0.006540214708	-0.005075548455	-0.005657578828	-0.00888156331	-0.01030123555
107.0	0.0	-0.426570648	-0.006673572457	-0.005107116724	-0.005658891446	-0.008967019923	-0.01040989059
108.0	0.0	-0.4229712413	-0.006807593079	-0.005138922848	-0.005660083719	-0.009054449746	-0.01051970194
109.0	0.0	-0.419377955	-0.006942215341	-0.005171007817	-0.005661242524	-0.009143760327	-0.01063066233
110.0	0.0	-0.4157975937	-0.007077378479	-0.005203411081	-0.005662452875	-0.009234857195	-0.01074276215
111.0	0.0	-0.4122367527	-0.007213022297	-0.005236170479	-0.005663797736	-0.009327644269	-0.01085598954
112.0	0.0	-0.4087018119	-0.00734908727	-0.005269322183	-0.005665357854	-0.009422024269	-0.01097033047
113.0	0.0	-0.4051989295	-0.00748551463	-0.005302900637	-0.005667211597	-0.009517899096	-0.01108576889
114.0	0.0	-0.4017340374	-0.007622246457	-0.00533693852	-0.005669434806	-0.009615170193	-0.01120228678
115.0	0.0	-0.3983128359	-0.007759225762	-0.005371466697	-0.005672100654	-0.009713738895	-0.01131986432
116.0	0.0	-0.39494079	-0.007896396561	-0.005406514194	-0.005675279526	-0.009813506749	-0.01143847995
117.0	0.0	-0.3916231254	-0.008033703951	-0.005442108166	-0.005679038902	-0.009914375824	-0.01155811052
118.0	0.0	-0.3883648258	-0.008171094172	-0.005478273883	-0.005683443251	-0.01001624899	-0.01167873133
119.0	0.0	-0.38517063	-0.008308514679	-0.005515034712	-0.005688553947	-0.01011903019	-0.01180031632
120.0	0.0	-0.3820450302	-0.00844591419	-0.005552412111	-0.005694429183	-0.01022262469	-0.01192283811
121.0	0.0	-0.37899227	-0.008583242746	-0.005590425629	-0.005701123906	-0.01032693927	-0.01204626813
122.0	0.0	-0.3760163437	-0.00872045176	-0.005629092909	-0.005708689756	-0.01043188249	-0.01217057672
123.0	0.0	-0.3731209959	-0.008857494058	-0.005668429695	-0.005717175025	-0.01053736482	-0.01229573322
124.0	0.0	-0.3703097206	-0.008994323927	-0.005708449851	-0.005726624613	-0.01064329886	-0.01242170608
125.0	0.0	-0.3675857625	-0.009130897143	-0.005749165373	-0.00573708001	-0.01074959942	-0.01254846297
126.0	0.0	-0.364952117	-0.009267171011	-0.005790586422	-0.005748579274	-0.01085618375	-0.01267597084
127.0	0.0	-0.362411532	-0.009403104394	-0.005832721341	-0.005761157032	-0.01096297156	-0.01280419602
128.0	0.0	-0.3599665091	-0.009538657734	-0.005875576697	-0.005774844474	-0.01106988519	-0.01293310432
129.0	0.0	-0.3576193058	-0.009673793079	-0.005919157308	-0.005789669377	-0.01117684966	-0.01306266113
130.0	0.0	-0.3553719378	-0.009808474097	-0.005963466287	-0.005805656115	-0.01128379276	-0.01319283147
131.0	0.0	-0.353226182	-0.009942666098	-0.006008505082	-0.005822825699	-0.01139064506	-0.01332358008
132.0	0.0	-0.3511835794	-0.01007633604	-0.00605427352	-0.005841195806	-0.01149734003	-0.01345487152
133.0	0.0	-0.3492454386	-0.01020945254	-0.006100769856	-0.00586078083	-0.01160381399	-0.01358667022
134.0	0.0	-0.3474128397	-0.01034198589	-0.006147990824	-0.005881591933	-0.01171000619	-0.01371894056
135.0	0.0	-0.3456866384	-0.01047390805	-0.006195931684	-0.005903637105	-0.01181585876	-0.01385164696
136.0	0.0	-0.34406747	-0.01060519263	-0.006244586284	-0.005926921226	-0.01192131676	-0.0139847539
137.0	0.0	-0.3425557549	-0.01073581495	-0.006293947106	-0.005951446142	-0.01202632813	-0.01411822602
138.0	0.0	-0.3411517028	-0.01086575195	-0.00634400533	-0.005977210742	-0.01213084368	-0.01425202818
139.0	0.0	-0.339855318	-0.01099498227	-0.006394750891	-0.006004211038	-0.01223481706	-0.01438612551
140.0	0.0	-0.3386664053	-0.01112348618	-0.006446172533	-0.006032440251	-0.01233820472	-0.01452048343
141.0	0.0	-0.337584575	-0.01125124557	-0.006498257878	-0.006061888908	-0.01244096587	-0.01465506778
142.0	0.0	-0.3366092493	-0.011378244	-0.006550993476	-0.006092544932	-0.01254306242	-0.0147898448
143.0	0.0	-0.3357396677	-0.01150446661	-0.006604364876	-0.006124393744	-0.01264445893	-0.01492478121
144.0	0.0	-0.334974894	-0.01162990012	-0.00665835668	-0.006157418362	-0.01274512256	-0.01505984422
145.0	0.0	-0.3343138218	-0.01175453287	-0.006712952605	-0.006191599507	-0.01284502298	-0.01519500164
146.0	0.0	-0.3337551816	-0.0118783547	-0.006768135548	-0.006226915714	-0.01294413233	-0.01533022183
147.0	0.0	-0.3332975471	-0.01200135702	-0.006823887643	-0.006263343435	-0.01304242512	-0.01546547379
148.0	0.0	-0.332939342	-0.01212353272	-0.006880190323	-0.00630085715	-0.01313987818	-0.01560072721
149.0	0.0	-0.3326788471	-0.01224487617	-0.006937024378	-0.006339429486	-0.0132364706	-0.01573595244
150.0	0.0	-0.3325142064	-0.0123653832	-0.006994370016	-0.006379031322	-0.01333218358	-0.01587112057
151.0	0.0	-0.3324434351	-0.01248505107	-0.007052206921	-0.006419631905	-0.01342700046	-0.01600620343
152.0	0.0	-0.3324644258	-0.0126038784	-0.00711051431	-0.006461198967	-0.01352090655	-0.01614117362
153.0	0.0	-0.332574956	-0.01272186519	-0.007169270987	-0.006503698834	-0.0136138891	-0.01627600454
154.0	0.0	-0.3327726948	-0.01283901277	-0.007228455404	-0.006547096542	-0.0137059372	-0.0164106704
155.0	0.0	-0.3330552105	-0.01295532373	-0.007288045709	-0.006591355953	-0.01379704172	-0.01654514626
156.0	0.0	-0.3334199772	-0.01307080196	-0.007348019804	-0.00663643986	-0.01388719522	-0.01667940799
157.0	0.0	-0.3338643821	-0.01318545252	-0.00740835539	-0.006682310104	-0.01397639189	-0.01681343234
158.0	0.0	-0.3343857327	-0.01329928169	-0.007469030024	-0.006728927682	-0.01406462745	-0.01694719694
159.0	0.0	-0.3349812633	-0.01341229685	-0.007530021164	-0.006776252857	-0.01415189909	-0.01708068029
160.0	0.0	-0.3356481425	-0.01352450652	-0.007591306216	-0.006824245259	-0.01423820542	-0.01721386179
161.0	0.0	-0.33638348	-0.01363592025	-0.007652862581	-0.006872863999	-0.01432354636	-0.01734672173
162.0	0.0	-0.337184333	-0.01374654863	-0.007714667697	-0.006922067762	-0.0144079231	-0.0174792413
163.0	0.0	-0.3380477135	-0.0138564032	-0.007776699085	-0.006971814913	-0.01449133803	-0.0176114026
164.0	0.0	-0.3389705946	-0.01396549646	-0.007838934383	-0.007022063595	-0.01457379467	-0.01774318864
165.0	0.0	-0.3399499172	-0.01407384178	-0.007901351395	-0.007072771822	-0.01465529761	-0.01787458333
166.0	0.0	-0.3409825964	-0.01418145339	-0.007963928117	-0.00712389757	-0.01473585246	-0.01800557149
167.0	0.0	-0.342065528	-0.01428834632	-0.008026642782	-0.007175398874	-0.01481546578	-0.01813613886
168.0	0.0	-0.3431955942	-0.01439453634	-0.00808947389	-0.007227233907	-0.01489414503	-0.01826627206
169.0	0.0	-0.3443696702	-0.01450003994	-0.00815240024	-0.007279361069	-0.01497189851	-0.01839595861
170.0	0.0	-0.34558463	-0.0146048743	-0.008215400961	-0.007331739064	-0.01504873535	-0.01852518693
171.0	0.0	-0.346837352	-0.01470905718	-0.008278455542	-0.007384326981	-0.01512466539	-0.01865394631
172.0	0.0	-0.3481247246	-0.01481260694	-0.008341543859	-0.007437084369	-0.01519969921	-0.01878222694
173.0	0.0	-0.3494436519	-0.01491554248	-0.008404646199	-0.007489971302	-0.01527384801	-0.01891001985
174.0	0.0	-0.3507910587	-0.01501788315	-0.008467743286	-0.007542948454	-0.01534712366	-0.01903731694
175.0	0.0	-0.352163896	-0.01511964878	-0.008530816302	-0.00759597716	-0.01541953856	-0.01916411095
176.0	0.0	-0.3535591454	-0.01522085956	-0.008593846909	-0.007649019478	-0.01549110568	-0.01929039545
177.0	0.0	-0.3549738244	-0.01532153604	-0.008656817265	-0.007702038245	-0.01556183848	-0.01941616482
178.0	0.0	-0.3564049904	-0.01542169908	-0.008719710048	-0.007754997135	-0.0156317509	-0.01954141428
179.0	0.0	-0.3578497456	-0.01552136981	-0.008782508464	-0.007807860705	-0.01570085732	-0.01966613981
180.0	0.0	-0.359305241	-0.01562056955	-0.008845196267	-0.007860594448	-0.01576917251	-0.01979033818
181.0	0.0	-0.3607686802	-0.01571931981	-0.008907757771	-0.007913164832	-0.01583671164	-0.0199140069
182.0	0.0	-0.3622373233	-0.01581764224	-0.008970177861	-0.007965539344	-0.01590349021	-0.02003714424
183.0	0.0	-0.3637084907	-0.01591555855	-0.009032442004	-0.008017686528	-0.01596952404	-0.0201597492
184.0	0.0	-0.3651795663	-0.01601309053	-0.009094536255	-0.008069576016	-0.01603482926	-0.02028182147
185.0	0.0	-0.3666480006	-0.01611025996	-0.00915644727	-0.008121178564	-0.01609942226	-0.02040336145
186.0	0.0	-0.3681113138	-0.01620708858	-0.009218162307	-0.008172466073	-0.01616331968	-0.02052437019
187.0	0.0	-0.3695670986	-0.01630359809	-0.009279669234	-0.008223411621	-0.01622653839	-0.02064484939
188.0	0.0	-0.3710130228	-0.01639981004	-0.009340956532	-0.008273989479	-0.01628909545	-0.0207648014
189.0	0.0	-0.3724468315	-0.01649574586	-0.009402013297	-0.008324175134	-0.01635100811	-0.02088422916
190.0	0.0	-0.3738663494	-0.0165914268	-0.009462829241	-0.0083739453	-0.01641229377	-0.0210031362
191.0	0.0	-0.375269483	-0.01668687388	-0.009523394694	-0.008423277935	-0.01647296999	-0.02112152663
192.0	0.0	-0.3766542219	-0.01678210787	-0.009583700603	-0.008472152249	-0.01653305443	-0.0212394051
193.0	0.0	-0.3780186406	-0.01687714929	-0.009643738528	-0.00852054871	-0.01659256487	-0.02135677678
194.0	0.0	-0.3793609001	-0.01697201829	-0.009703500642	-0.008568449051	-0.01665151915	-0.02147364734
195.0	0.0	-0.3806792487	-0.01706673473	-0.009762979725	-0.008615836269	-0.0167099352	-0.02159002294
196.0	0.0	-0.3819720232	-0.01716131806	-0.00982216916	-0.008662694629	-0.01676783099	-0.0217059102
197.0	0.0	-0.3832376499	-0.01725578735	-0.009881062929	-0.008709009655	-0.01682522452	-0.02182131614
198.0	0.0	-0.3844746447	-0.01735016124	-0.009939655605	-0.008754768129	-0.0168821338	-0.02193624824
199.0	0.0	-0.3856816141	-0.01744445792	-0.009997942345	-0.008799958081	-0.01693857684	-0.02205071435
200.0	0.0	-0.3868572551	-0.0175386951	-0.01005591888	-0.008844568781	-0.01699457163	-0.02216472267
201.0	0.0	-0.3880003556	-0.01763289	-0.01011358151	-0.008888590726	-0.01705013612	-0.02227828176
202.0	0.0	-0.3891097941	-0.01772705933	-0.0101709271	-0.008932015626	-0.01710528822	-0.02239140051
203.0	0.0	-0.3901845393	-0.01782121923	-0.01022795305	-0.008974836387	-0.01716004574	-0.02250408809
204.0	0.0	-0.3912236501	-0.01791538534	-0.0102846573	-0.009017047096	-0.01721442645	-0.02261635395
205.0	0.0	-0.3922262751	-0.01800957269	-0.01034103833	-0.009058643001	-0.01726844799	-0.02272820779
206.0	0.0	-0.3931916513	-0.01810379573	-0.01039709512	-0.009099620487	-0.01732212787	-0.02283965957
207.0	0.0	-0.3941191038	-0.01819806833	-0.01045282715	-0.009139977056	-0.0173754835	-0.0229507194
208.0	0.0	-0.3950080446	-0.01829240373	-0.0105082344	-0.009179711304	-0.01742853211	-0.02306139764
209.0	0.0	-0.3958579716	-0.01838681456	-0.01056331732	-0.009218822892	-0.0174812908	-0.02317170477
210.0	0.0	-0.3966684672	-0.01848131282	-0.01061807682	-0.009257312523	-0.01753377647	-0.02328165143
211.0	0.0	-0.3974391971	-0.01857590986	-0.01067251426	-0.00929518191	-0.01758600581	-0.02339124838
212.0	0.0	-0.3981699084	-0.01867061641	-0.01072663145	-0.00933243375	-0.01763799534	-0.02350050649
213.0	0.0	-0.3988604288	-0.01876544252	-0.01078043058	-0.009369071695	-0.01768976132	-0.02360943668
214.0	0.0	-0.3995106639	-0.01886039762	-0.01083391429	-0.009405100316	-0.0177413198	-0.02371804996
215.0	0.0	-0.4001205962	-0.01895549045	-0.01088708557	-0.009440525076	-0.01779268655	-0.02382635737
216.0	0.0	-0.4006902828	-0.01905072912	-0.01093994781	-0.009475352294	-0.01784387708	-0.02393436998
217.0	0.0	-0.4012198535	-0.01914612107	-0.01099250475	-0.009509589114	-0.01789490665	-0.02404209883
218.0	0.0	-0.4017095086	-0.01924167309	-0.01104476045	-0.009543243471	-0.01794579018	-0.02414955498
219.0	0.0	-0.4021595169	-0.01933739133	-0.01109671933	-0.009576324052	-0.01799654232	-0.02425674944
220.0	0.0	-0.4025702136	-0.01943328127	-0.0111483861	-0.009608840268	-0.01804717737	-0.02436369316
221.0	0.0	-0.4029419976	-0.01952934776	-0.01119976577	-0.009640802213	-0.01809770933	-0.02447039702
222.0	0.0	-0.4032753295	-0.01962559502	-0.01125086363	-0.009672220632	-0.01814815182	-0.02457687183
223.0	0.0	-0.403570729	-0.01972202662	-0.01130168521	-0.009703106881	-0.01819851815	-0.02468312829
224.0	0.0	-0.4038287727	-0.01981864553	-0.01135223631	-0.009733472897	-0.01824882121	-0.02478917697
225.0	0.0	-0.4040500912	-0.0199154541	-0.01140252294	-0.009763331154	-0.01829907357	-0.02489502831
226.0	0.0	-0.404235367	-0.02001245408	-0.01145255134	-0.009792694634	-0.01834928736	-0.02500069262
227.0	0.0	-0.4043853316	-0.02010964662	-0.01150232793	-0.009821576787	-0.01839947436	-0.02510618003
228.0	0.0	-0.4045007632	-0.02020703232	-0.01155185932	-0.009849991496	-0.01844964592	-0.0252115005
229.0	0.0	-0.4045824837	-0.02030461119	-0.01160115227	-0.00987795304	-0.01849981298	-0.0253166638
230.0	0.0	-0.4046313567	-0.0204023827	-0.01165021371	-0.009905476059	-0.01854998608	-0.02542167951
231.0	0.0	-0.404648284	-0.02050034577	-0.01169905067	-0.009932575519	-0.0186001753	-0.025526557
232.0	0.0	-0.4046342039	-0.02059849881	-0.01174767033	-0.009959266678	-0.01865039031	-0.02563130541
233.0	0.0	-0.4045900879	-0.02069683973	-0.01179607995	-0.009985565049	-0.01870064034	-0.02573593364
234.0	0.0	-0.4045169383	-0.02079536594	-0.01184428689	-0.01001148637	-0.01875093418	-0.02584045037
235.0	0.0	-0.4044157854	-0.02089407439	-0.01189229857	-0.01003704655	-0.01880128016	-0.02594486403
236.0	0.0	-0.4042876854	-0.02099296155	-0.01194012247	-0.01006226168	-0.01885168616	-0.02604918277
237.0	0.0	-0.4041337172	-0.02109202349	-0.01198776611	-0.01008714796	-0.01890215963	-0.02615341449
238.0	0.0	-0.4039549801	-0.02119125583	-0.01203523705	-0.01011172166	-0.01895270753	-0.02625756682
239.0	0.0	-0.4037525914	-0.0212906538	-0.01208254284	-0.01013599915	-0.01900333639	-0.02636164711
240.0	0.0	-0.4035276836	-0.02139021226	-0.01212969107	-0.0101599968	-0.01905405227	-0.02646566242
241.0	0.0	-0.4032814021	-0.02148992569	-0.01217668927	-0.01018373098	-0.01910486078	-0.02656961952
242.0	0.0	-0.403014903	-0.02158978824	-0.01222354498	-0.01020721803	-0.01915576707	-0.0266735249
243.0	0.0	-0.40272935	-0.02168979374	-0.0122702657	-0.01023047424	-0.01920677583	-0.02677738474
244.0	0.0	-0.4024259128	-0.02178993571	-0.01231685886	-0.0102535158	-0.0192578913	-0.02688120492
245.0	0.0	-0.4021057644	-0.02189020739	-0.01236333185	-0.0102763588	-0.01930911728	-0.02698499103
246.0	0.0	-0.4017700791	-0.02199060175	-0.01240969197	-0.01029901918	-0.01936045712	-0.02708874833
247.0	0.0	-0.40142003	-0.02209111153	-0.01245594646	-0.01032151272	-0.01941191373	-0.0271924818
248.0	0.0	-0.4010567871	-0.02219172924	-0.01250210243	-0.01034385501	-0.01946348957	-0.02729619611
249.0	0.0	-0.4006815152	-0.02229244718	-0.01254816693	-0.01036606142	-0.01951518668	-0.02739989559
250.0	0.0	-0.4002953717	-0.02239325748	-0.01259414685	-0.01038814712	-0.01956700668	-0.02750358431
251.0	0.0	-0.3998995051	-0.02249415209	-0.01264004901	-0.01041012698	-0.01961895076	-0.027607266
252.0	0.0	-0.3994950524	-0.02259512284	-0.01268588004	-0.01043201562	-0.01967101972	-0.02771094411
253.0	0.0	-0.3990831382	-0.0226961614	-0.01273164648	-0.01045382738	-0.01972321395	-0.02781462175
254.0	0.0	-0.3986648719	-0.02279725936	-0.0127773547	-0.01047557626	-0.01977553342	-0.02791830177
255.0	0.0	-0.3982413471	-0.02289840822	-0.01282301091	-0.01049727594	-0.01982797775	-0.0280219867
256.0	0.0	-0.3978136392	-0.0229995994	-0.01286862116	-0.01051893978	-0.01988054618	-0.02812567877
257.0	0.0	-0.3973828042	-0.02310082426	-0.01291419135	-0.01054058074	-0.01993323758	-0.02822937995
258.0	0.0	-0.3969498771	-0.02320207415	-0.01295972718	-0.01056221144	-0.01998605046	-0.02833309188
259.0	0.0	-0.3965158709	-0.02330334039	-0.01300523418	-0.01058384409	-0.020038983	-0.02843681595
260.0	0.0	-0.3960817748	-0.0234046143	-0.0130507177	-0.01060549053	-0.02009203304	-0.02854055326
261.0	0.0	-0.3956485532	-0.02350588721	-0.01309618288	-0.01062716215	-0.0201451981	-0.02864430463
262.0	0.0	-0.3952171446	-0.02360715049	-0.0131416347	-0.01064886996	-0.0201984754	-0.02874807064
263.0	0.0	-0.3947884605	-0.02370839556	-0.01318707791	-0.01067062452	-0.02025186187	-0.02885185158
264.0	0.0	-0.3943633843	-0.0238096139	-0.01323251706	-0.01069243597	-0.02030535413	-0.0289556475
265.0	0.0	-0.3939427704	-0.02391079705	-0.01327795651	-0.01071431399	-0.02035894857	-0.02905945821
266.0	0.0	-0.3935274435	-0.02401193667	-0.01332340041	-0.01073626781	-0.02041264129	-0.02916328326
267.0	0.0	-0.3931181979	-0.0241130245	-0.0133688527	-0.01075830623	-0.02046642818	-0.02926712197
268.0	0.0	-0.3927157962	-0.02421405241	-0.01341431709	-0.01078043757	-0.02052030487	-0.02937097345
269.0	0.0	-0.3923209696	-0.02431501239	-0.0134597971	-0.0108026697	-0.02057426679	-0.02947483658
270.0	0.0	-0.3919344166	-0.02441589658	-0.01350529603	-0.01082501002	-0.02062830917	-0.02957871003
271.0	0.0	-0.391556803	-0.02451669726	-0.01355081697	-0.01084746546	-0.02068242705	-0.02968259226
272.0	0.0	-0.3911887611	-0.02461740689	-0.01359636278	-0.01087004252	-0.02073661529	-0.02978648155
273.0	0.0	-0.3908308899	-0.02471801808	-0.01364193613	-0.01089274718	-0.02079086862	-0.02989037599
274.0	0.0	-0.3904837543	-0.02481852364	-0.01368753946	-0.01091558501	-0.02084518158	-0.02999427348
275.0	0.0	-0.3901478852	-0.02491891656	-0.013733175	-0.01093856108	-0.0208995486	-0.03009817176
276.0	0.0	-0.3898237794	-0.02501919003	-0.01377884477	-0.01096168003	-0.02095396401	-0.03020206841
277.0	0.0	-0.3895118994	-0.02511933746	-0.0138245506	-0.01098494601	-0.021008422	-0.03030596086
278.0	0.0	-0.3892126737	-0.02521935245	-0.01387029408	-0.01100836276	-0.02106291671	-0.03040984638
279.0	0.0	-0.3889264965	-0.02531922883	-0.01391607662	-0.01103193355	-0.02111744216	-0.03051372213
280.0	0.0	-0.3886537279	-0.02541896067	-0.01396189943	-0.01105566122	-0.02117199235	-0.03061758514
281.0	0.0	-0.3883946944	-0.02551854224	-0.0140077635	-0.01107954816	-0.02122656119	-0.03072143229
282.0	0.0	-0.3881496889	-0.02561796807	-0.01405366965	-0.01110359635	-0.02128114258	-0.0308252604
283.0	0.0	-0.387918971	-0.02571723292	-0.01409961849	-0.01112780736	-0.0213357304	-0.03092906616
284.0	0.0	-0.3877027674	-0.0258163318	-0.01414561045	-0.01115218231	-0.02139031849	-0.03103284618
285.0	0.0	-0.3875012725	-0.02591525996	-0.01419164578	-0.01117672196	-0.02144490071	-0.03113659698
286.0	0.0	-0.3873146486	-0.0260140129	-0.01423772454	-0.01120142666	-0.02149947093	-0.03124031502
287.0	0.0	-0.3871430263	-0.02611258637	-0.01428384662	-0.01122629637	-0.02155402305	-0.03134399669
288.0	0.0	-0.3869865055	-0.02621097637	-0.01433001174	-0.01125133068	-0.02160855099	-0.03144763833
289.0	0.0	-0.3868451557	-0.02630917916	-0.01437621946	-0.01127652883	-0.02166304873	-0.0315512362
290.0	0.0	-0.3867190166	-0.02640719125	-0.01442246917	-0.01130188968	-0.02171751031	-0.03165478657
291.0	0.0	-0.3866080991	-0.0265050094	-0.01446876012	-0.01132741178	-0.02177192982	-0.03175828565
292.0	0.0	-0.3865123854	-0.02660263062	-0.01451509138	-0.01135309333	-0.02182630143	-0.03186172962
293.0	0.0	-0.3864318304	-0.0267000522	-0.01456146192	-0.01137893223	-0.02188061943	-0.03196511466
294.0	0.0	-0.3863663622	-0.02679727164	-0.01460787052	-0.01140492605	-0.02193487816	-0.03206843694
295.0	0.0	-0.3863158828	-0.02689428672	-0.01465431588	-0.01143107208	-0.0219890721	-0.03217169263
296.0	0.0	-0.3862802692	-0.02699109544	-0.01470079653	-0.01145736735	-0.02204319582	-0.0322748779
297.0	0.0	-0.3862593738	-0.02708769607	-0.01474731091	-0.01148380858	-0.02209724402	-0.03237798894
298.0	0.0	-0.386253026	-0.02718408711	-0.01479385731	-0.01151039228	-0.02215121154	-0.03248102196
299.0	0.0	-0.3862610324	-0.0272802673	-0.01484043396	-0.01153711468	-0.02220509334	-0.03258397318
300.0	0.0	-0.3862831781	-0.0273762356	-0.01488703893	-0.01156397181	-0.02225888453	-0.03268683889
301.0	0.0	-0.3863192278	-0.02747199123	-0.01493367025	-0.01159095948	-0.02231258037	-0.03278961539
302.0	0.0	-0.3863689261	-0.0275675336	-0.01498032582	-0.01161807327	-0.02236617626	-0.03289229904
303.0	0.0	-0.3864319993	-0.02766286238	-0.01502700347	-0.01164530862	-0.02241966778	-0.03299488624
304.0	0.0	-0.3865081556	-0.02775797741	-0.01507370094	-0.01167266076	-0.02247305067	-0.03309737346
305.0	0.0	-0.3865970868	-0.02785287879	-0.01512041592	-0.01170012476	-0.02252632084	-0.03319975723
306.0	0.0	-0.3866984686	-0.02794756678	-0.01516714602	-0.01172769557	-0.02257947435	-0.03330203414
307.0	0.0	-0.3868119622	-0.02804204188	-0.01521388879	-0.01175536797	-0.02263250748	-0.03340420087
308.0	0.0	-0.3869372149	-0.02813630476	-0.01526064173	-0.01178313664	-0.02268541665	-0.03350625414
309.0	0.0	-0.3870738614	-0.02823035628	-0.01530740228	-0.01181099614	-0.02273819849	-0.0336081908
310.0	0.0	-0.3872215243	-0.02832419748	-0.01535416787	-0.01183894095	-0.02279084979	-0.03371000775
311.0	0.0	-0.3873798158	-0.0284178296	-0.01540093586	-0.01186696544	-0.02284336756	-0.033811702
312.0	0.0	-0.387548338	-0.02851125401	-0.01544770359	-0.01189506394	-0.02289574897	-0.03391327063
313.0	0.0	-0.3877266843	-0.02860447227	-0.01549446839	-0.0119232307	-0.0229479914	-0.03401471083
314.0	0.0	-0.3879144404	-0.02869748609	-0.01554122755	-0.01195145994	-0.0230000924	-0.0341160199
315.0	0.0	-0.388111185	-0.02879029731	-0.01558797836	-0.01197974583	-0.02305204973	-0.03421719522
316.0	0.0	-0.3883164907	-0.02888290793	-0.0156347181	-0.01200808253	-0.02310386132	-0.03431823428
317.0	0.0	-0.3885299255	-0.02897532009	-0.01568144404	-0.01203646418	-0.02315552532	-0.03441913469
318.0	0.0	-0.3887510529	-0.02906753603	-0.01572815347	-0.01206488492	-0.02320704004	-0.03451989416
319.0	0.0	-0.3889794336	-0.02915955813	-0.01577484367	-0.01209333892	-0.02325840399	-0.03462051049
320.0	0.0	-0.3892146258	-0.02925138889	-0.01582151193	-0.01212182036	-0.02330961588	-0.03472098162
321.0	0.0	-0.3894561864	-0.02934303089	-0.01586815558	-0.01215032343	-0.02336067458	-0.03482130559
322.0	0.0	-0.3897036717	-0.02943448681	-0.01591477196	-0.0121788424	-0.02341157917	-0.03492148057
323.0	0.0	-0.3899566384	-0.02952575945	-0.01596135841	-0.01220737156	-0.02346232888	-0.03502150481
324.0	0.0	-0.3902146441	-0.02961685167	-0.01600791235	-0.01223590529	-0.02351292314	-0.0351213767
325.0	0.0	-0.3904772484	-0.0297077664	-0.01605443119	-0.01226443802	-0.02356336156	-0.03522109475
326.0	0.0	-0.3907440136	-0.02979850666	-0.0161009124	-0.01229296426	-0.02361364389	-0.03532065757
327.0	0.0	-0.3910145053	-0.0298890755	-0.01614735349	-0.01232147861	-0.02366377009	-0.03542006389
328.0	0.0	-0.3912882931	-0.02997947607	-0.01619375202	-0.01234997577	-0.02371374026	-0.03551931256
329.0	0.0	-0.3915649517	-0.03006971153	-0.01624010559	-0.01237845053	-0.02376355465	-0.03561840253
330.0	0.0	-0.3918440609	-0.03015978509	-0.01628641185	-0.0124068978	-0.02381321369	-0.0357173329
331.0	0.0	-0.3921252068	-0.0302497	-0.01633266852	-0.01243531261	-0.02386271796	-0.03581610283
332.0	0.0	-0.3924079821	-0.03033945954	-0.01637887337	-0.0124636901	-0.02391206817	-0.03591471163
333.0	0.0	-0.3926919869	-0.030429067	-0.01642502421	-0.01249202553	-0.02396126518	-0.03601315871
334.0	0.0	-0.392976829	-0.0305185257	-0.01647111896	-0.01252031433	-0.02401031	-0.03611144359
335.0	0.0	-0.3932621246	-0.03060783894	-0.01651715557	-0.01254855203	-0.02405920375	-0.0362095659
336.0	0.0	-0.3935474988	-0.03069701005	-0.01656313207	-0.01257673433	-0.02410794771	-0.03630752536
337.0	0.0	-0.393832586	-0.03078604235	-0.01660904655	-0.01260485706	-0.02415654324	-0.03640532181
338.0	0.0	-0.3941170303	-0.03087493915	-0.01665489718	-0.01263291621	-0.02420499186	-0.03650295519
339.0	0.0	-0.3944004859	-0.03096370373	-0.01670068222	-0.01266090794	-0.02425329516	-0.03660042552
340.0	0.0	-0.3946826179	-0.03105233936	-0.01674639997	-0.01268882854	-0.02430145488	-0.03669773296
341.0	0.0	-0.3949631018	-0.03114084929	-0.01679204883	-0.01271667449	-0.02434947282	-0.03679487772
342.0	0.0	-0.3952416247	-0.03122923674	-0.01683762728	-0.01274444241	-0.02439735089	-0.03689186011
343.0	0.0	-0.3955178851	-0.03131750488	-0.01688313386	-0.01277212912	-0.02444509111	-0.03698868056
344.0	0.0	-0.3957915931	-0.03140565684	-0.0169285672	-0.01279973157	-0.02449269554	-0.03708533956
345.0	0.0	-0.3960624712	-0.03149369572	-0.01697392602	-0.01282724691	-0.02454016636	-0.03718183767
346.0	0.0	-0.3963302536	-0.03158162455	-0.0170192091	-0.01285467244	-0.02458750579	-0.03727817557
347.0	0.0	-0.3965946874	-0.03166944633	-0.0170644153	-0.01288200565	-0.02463471614	-0.03737435399
348.0	0.0	-0.396855532	-0.03175716398	-0.01710954359	-0.01290924418	-0.02468179975	-0.03747037374
349.0	0.0	-0.3971125595	-0.03184478037	-0.01715459299	-0.01293638588	-0.02472875905	-0.0375662357
350.0	0.0	-0.3973655548	-0.0319322983	-0.01719956261	-0.01296342873	-0.02477559649	-0.03766194083
351.0	0.0	-0.3976143155	-0.0320197205	-0.01724445164	-0.0129903709	-0.02482231458	-0.03775749014
352.0	0.0	-0.3978586525	-0.03210704964	-0.01728925936	-0.01301721075	-0.02486891586	-0.03785288471
353.0	0.0	-0.3980983891	-0.0321942883	-0.0173339851	-0.01304394676	-0.0249154029	-0.03794812567
354.0	0.0	-0.3983333619	-0.03228143899	-0.01737862831	-0.01307057764	-0.02496177831	-0.03804321422
355.0	0.0	-0.3985634203	-0.03236850414	-0.01742318849	-0.01309710222	-0.0250080447	-0.0381381516
356.0	0.0	-0.3987884264	-0.0324554861	-0.01746766521	-0.0131235195	-0.02505420472	-0.03823293909
357.0	0.0	-0.3990082552	-0.03254238713	-0.01751205813	-0.01314982868	-0.02510026101	-0.03832757804
358.0	0.0	-0.3992227945	-0.03262920941	-0.01755636699	-0.01317602906	-0.02514621622	-0.03842206982
359.0	0.0	-0.3994319443	-0.03271595503	-0.01760059159	-0.01320212016	-0.02519207302	-0.03851641585
360.0	0.0	-0.3996356173	-0.03280262599	-0.01764473181	-0.0132281016	-0.02523783404	-0.03861061757
361.0	0.0	-0.3998337385	-0.03288922419	-0.01768878758	-0.01325397319	-0.02528350195	-0.03870467647
362.0	0.0	-0.4000262449	-0.03297575147	-0.01773275893	-0.01327973487	-0.02532907936	-0.03879859406
363.0	0.0	-0.4002130854	-0.03306220954	-0.01777664594	-0.01330538672	-0.02537456889	-0.03889237187
364.0	0.0	-0.4003942206	-0.03314860004	-0.01782044875	-0.01333092897	-0.02541997312	-0.03898601146
365.0	0.0	-0.4005696226	-0.03323492451	-0.01786416757	-0.013356362	-0.02546529464	-0.0390795144
366.0	0.0	-0.4007392749	-0.0333211844	-0.01790780267	-0.01338168628	-0.02551053596	-0.03917288228
367.0	0.0	-0.4009031716	-0.03340738104	-0.01795135439	-0.01340690246	-0.02555569959	-0.0392661167
368.0	0.0	-0.4010613179	-0.03349351572	-0.0179948231	-0.01343201128	-0.025600788	-0.03935921928
369.0	0.0	-0.4012137293	-0.03357958958	-0.01803820925	-0.01345701362	-0.02564580361	-0.03945219162
370.0	0.0	-0.4013604313	-0.0336656037	-0.01808151333	-0.01348191045	-0.0256907488	-0.03954503536
371.0	0.0	-0.4015014594	-0.03375155906	-0.0181247359	-0.01350670288	-0.02573562591	-0.03963775211
372.0	0.0	-0.4016368587	-0.03383745655	-0.01816787754	-0.01353139211	-0.02578043722	-0.03973034349
373.0	0.0	-0.4017666832	-0.03392329695	-0.0182109389	-0.01355597943	-0.02582518497	-0.03982281111
374.0	0.0	-0.401890996	-0.03400908098	-0.01825392066	-0.01358046627	-0.02586987131	-0.03991515658
375.0	0.0	-0.4020098687	-0.03409480925	-0.01829682354	-0.01360485409	-0.02591449839	-0.04000738148
376.0	0.0	-0.402123381	-0.03418048229	-0.01833964832	-0.0136291445	-0.02595906825	-0.04009948741
377.0	0.0	-0.4022316204	-0.03426610053	-0.0183823958	-0.01365333913	-0.02600358289	-0.04019147593
378.0	0.0	-0.402334682	-0.03435166435	-0.01842506682	-0.01367743974	-0.02604804425	-0.04028334859
379.0	0.0	-0.4024326678	-0.034437174	-0.01846766224	-0.01370144813	-0.02609245418	-0.04037510691
380.0	0.0	-0.4025256867	-0.03452262969	-0.01851018297	-0.01372536617	-0.0261368145	-0.04046675241
381.0	0.0	-0.4026138539	-0.03460803152	-0.01855262993	-0.01374919581	-0.02618112693	-0.04055828657
382.0	0.0	-0.4026972904	-0.03469337954	-0.01859500409	-0.01377293903	-0.02622539313	-0.04064971085
383.0	0.0	-0.4027761232	-0.03477867369	-0.01863730641	-0.01379659789	-0.02626961469	-0.04074102667
384.0	0.0	-0.4028504841	-0.03486391387	-0.0186795379	-0.01382017446	-0.02631379314	-0.04083223544
385.0	0.0	-0.4029205099	-0.03494909988	-0.01872169957	-0.01384367089	-0.02635792991	-0.04092333853
386.0	0.0	-0.4029863421	-0.03503423149	-0.01876379245	-0.01386708935	-0.02640202638	-0.04101433728
387.0	0.0	-0.403048126	-0.03511930835	-0.0188058176	-0.01389043203	-0.02644608384	-0.04110523299
388.0	0.0	-0.4031060107	-0.0352043301	-0.01884777606	-0.01391370117	-0.02649010353	-0.04119602693
389.0	0.0	-0.4031601487	-0.03528929628	-0.01888966891	-0.01393689902	-0.02653408658	-0.04128672034
390.0	0.0	-0.4032106955	-0.03537420639	-0.01893149722	-0.01396002784	-0.02657803409	-0.0413773144
391.0	0.0	-0.4032578093	-0.03545905987	-0.01897326207	-0.01398308992	-0.02662194704	-0.04146781027
392.0	0.0	-0.4033016503	-0.0355438561	-0.01901496455	-0.01400608755	-0.02666582637	-0.04155820908
393.0	0.0	-0.4033423809	-0.0356285944	-0.01905660574	-0.01402902302	-0.02670967293	-0.04164851189
394.0	0.0	-0.4033801649	-0.03571327408	-0.01909818672	-0.01405189864	-0.0267534875	-0.04173871974
395.0	0.0	-0.4034151675	-0.03579789436	-0.01913970858	-0.01407471669	-0.0267972708	-0.04182883364
396.0	0.0	-0.4034475544	-0.03588245445	-0.0191811724	-0.01409747946	-0.02684102346	-0.04191885452
397.0	0.0	-0.4034774924	-0.03596695349	-0.01922257924	-0.01412018923	-0.02688474605	-0.04200878329
398.0	0.0	-0.403505148	-0.03605139061	-0.01926393018	-0.01414284824	-0.02692843906	-0.04209862083
399.0	0.0	-0.4035306881	-0.03613576488	-0.01930522625	-0.01416545873	-0.02697210293	-0.04218836795
400.0	0.0	-0.4035542788	-0.03622007536	-0.01934646851	-0.01418802293	-0.02701573803	-0.04227802544
401.0	0.0	-0.4035760858	-0.03630432106	-0.01938765798	-0.01421054302	-0.02705934463	-0.04236759402
402.0	0.0	-0.4035962737	-0.03638850099	-0.01942879569	-0.01423302116	-0.02710292298	-0.04245707439
403.0	0.0	-0.4036150059	-0.03647261412	-0.01946988262	-0.01425545947	-0.02714647325	-0.04254646719
404.0	0.0	-0.4036324441	-0.03655665938	-0.01951091976	-0.01427786006	-0.02718999555	-0.04263577303
405.0	0.0	-0.4036487486	-0.03664063572	-0.01955190808	-0.01430022496	-0.02723348991	-0.04272499248
406.0	0.0	-0.4036640773	-0.03672454204	-0.01959284852	-0.01432255619	-0.02727695633	-0.04281412603
407.0	0.0	-0.403678586	-0.03680837726	-0.019633742	-0.01434485572	-0.02732039474	-0.04290317418
408.0	0.0	-0.4036924279	-0.03689214024	-0.01967458942	-0.01436712547	-0.02736380502	-0.04299213736
409.0	0.0	-0.4037057536	-0.03697582989	-0.01971539166	-0.01438936731	-0.02740718699	-0.04308101594
410.0	0.0	-0.4037187107	-0.03705944507	-0.01975614958	-0.01441158307	-0.02745054043	-0.04316981029
411.0	0.0	-0.4037314435	-0.03714298465	-0.019796864	-0.01443377451	-0.02749386507	-0.04325852071
412.0	0.0	-0.4037440934	-0.03722644751	-0.01983753574	-0.01445594335	-0.02753716057	-0.04334714748
413.0	0.0	-0.4037567978	-0.03730983251	-0.01987816555	-0.01447809125	-0.02758042657	-0.04343569081
414.0	0.0	-0.4037696908	-0.03739313854	-0.01991875421	-0.01450021981	-0.02762366267	-0.0435241509
415.0	0.0	-0.4037829025	-0.03747636446	-0.01995930243	-0.01452233056	-0.02766686841	-0.04361252791
416.0	0.0	-0.4037965591	-0.03755950917	-0.0199998109	-0.01454442501	-0.0277100433	-0.04370082196
417.0	0.0	-0.4038107828	-0.03764257156	-0.02004028029	-0.01456650455	-0.02775318681	-0.04378903311
418.0	0.0	-0.4038256913	-0.03772555055	-0.02008071124	-0.01458857056	-0.0277962984	-0.04387716143
419.0	0.0	-0.4038413983	-0.03780844504	-0.02012110435	-0.01461062432	-0.02783937745	-0.04396520692
420.0	0.0	-0.4038580128	-0.03789125399	-0.0201614602	-0.01463266707	-0.02788242336	-0.04405316957
421.0	0.0	-0.4038756394	-0.03797397634	-0.02020177934	-0.01465469997	-0.02792543547	-0.04414104931
422.0	0.0	-0.4038943783	-0.03805661106	-0.02024206229	-0.01467672412	-0.0279684131	-0.04422884608
423.0	0.0	-0.4039143245	-0.03813915714	-0.02028230954	-0.01469874057	-0.02801135555	-0.04431655976
424.0	0.0	-0.4039355689	-0.03822161361	-0.02032252153	-0.01472075027	-0.02805426211	-0.0444041902
425.0	0.0	-0.4039581971	-0.03830397949	-0.0203626987	-0.01474275414	-0.02809713203	-0.04449173725
426.0	0.0	-0.4039822903	-0.03838625385	-0.02040284145	-0.01476475301	-0.02813996455	-0.04457920072
427.0	0.0	-0.4040079245	-0.03846843577	-0.02044295013	-0.01478674765	-0.0281827589	-0.04466658037
428.0	0.0	-0.4040351711	-0.03855052438	-0.02048302509	-0.01480873879	-0.02822551429	-0.04475387598
429.0	0.0	-0.4040640966	-0.0386325188	-0.02052306663	-0.01483072706	-0.02826822993	-0.04484108729
430.0	0.0	-0.4040947625	-0.03871441821	-0.02056307503	-0.01485271304	-0.028310905	-0.044928214
431.0	0.0	-0.4041272255	-0.03879622181	-0.02060305053	-0.01487469725	-0.0283535387	-0.04501525583
432.0	0.0	-0.4041615376	-0.03887792884	-0.02064299336	-0.01489668015	-0.02839613019	-0.04510221244
433.0	0.0	-0.4041977457	-0.03895953856	-0.02068290371	-0.01491866212	-0.02843867867	-0.0451890835
434.0	0.0	-0.4042358921	-0.03904105026	-0.02072278174	-0.01494064351	-0.0284811833	-0.04527586866
435.0	0.0	-0.4042760144	-0.03912246327	-0.02076262759	-0.01496262458	-0.02852364326	-0.04536256754
436.0	0.0	-0.4043181455	-0.03920377696	-0.02080244135	-0.01498460555	-0.02856605772	-0.04544917977
437.0	0.0	-0.4043623135	-0.03928499072	-0.02084222313	-0.01500658658	-0.02860842587	-0.04553570496
438.0	0.0	-0.4044085422	-0.03936610399	-0.02088197297	-0.01502856776	-0.02865074689	-0.0456221427
439.0	0.0	-0.4044568506	-0.03944711623	-0.0209216909	-0.01505054914	-0.02869301997	-0.04570849257
440.0	0.0	-0.4045072535	-0.03952802694	-0.02096137694	-0.01507253071	-0.02873524432	-0.04579475417
441.0	0.0	-0.4045597614	-0.03960883566	-0.02100103106	-0.01509451242	-0.02877741913	-0.04588092704
442.0	0.0	-0.4046143803	-0.03968954196	-0.02104065324	-0.01511649415	-0.02881954364	-0.04596701078
443.0	0.0	-0.4046711123	-0.03977014546	-0.02108024339	-0.01513847574	-0.02886161708	-0.04605300492
444.0	0.0	-0.4047299555	-0.03985064579	-0.02111980145	-0.01516045698	-0.02890363869	-0.04613890904
445.0	0.0	-0.4047909037	-0.03993104263	-0.02115932731	-0.01518243763	-0.02894560773	-0.04622472268
446.0	0.0	-0.4048539473	-0.0400113357	-0.02119882085	-0.01520441738	-0.02898752349	-0.0463104454
447.0	0.0	-0.4049190727	-0.04009152475	-0.02123828191	-0.0152263959	-0.02902938526	-0.04639607675
448.0	0.0	-0.4049862628	-0.04017160956	-0.02127771036	-0.0152483728	-0.02907119236	-0.04648161629
449.0	0.0	-0.4050554969	-0.04025158996	-0.02131710599	-0.01527034767	-0.02911294411	-0.04656706357
450.0	0.0	-0.4051267513	-0.04033146578	-0.02135646863	-0.01529232006	-0.02915463987	-0.04665241815
451.0	0.0	-0.4051999986	-0.04041123693	-0.02139579805	-0.01531428947	-0.02919627901	-0.04673767958
452.0	0.0	-0.4052752087	-0.04049090332	-0.02143509404	-0.01533625538	-0.02923786094	-0.04682284745
453.0	0.0	-0.4053523483	-0.0405704649	-0.02147435636	-0.01535821723	-0.02927938506	-0.04690792131
454.0	0.0	-0.4054313815	-0.04064992167	-0.02151358475	-0.01538017445	-0.02932085083	-0.04699290074
455.0	0.0	-0.4055122694	-0.04072927363	-0.02155277895	-0.01540212643	-0.0293622577	-0.04707778534
456.0	0.0	-0.405594971	-0.04080852083	-0.02159193869	-0.01542407252	-0.02940360518	-0.04716257469
457.0	0.0	-0.4056794424	-0.04088766335	-0.02163106368	-0.01544601206	-0.02944489277	-0.04724726839
458.0	0.0	-0.4057656377	-0.0409667013	-0.02167015362	-0.01546794438	-0.02948612001	-0.04733186607
459.0	0.0	-0.405853509	-0.04104563481	-0.02170920821	-0.01548986878	-0.02952728648	-0.04741636733
460.0	0.0	-0.4059430061	-0.04112446405	-0.02174822714	-0.01551178453	-0.02956839177	-0.0475007718
461.0	0.0	-0.4060340773	-0.04120318921	-0.0217872101	-0.0155336909	-0.02960943549	-0.04758507915
462.0	0.0	-0.4061266689	-0.0412818105	-0.02182615675	-0.01555558714	-0.0296504173	-0.047669289
463.0	0.0	-0.4062207259	-0.04136032816	-0.02186506676	-0.01557747249	-0.02969133685	-0.04775340105
464.0	0.0	-0.4063161916	-0.04143874247	-0.02190393982	-0.01559934617	-0.02973219387	-0.04783741495
465.0	0.0	-0.4064130084	-0.04151705371	-0.02194277557	-0.01562120741	-0.02977298806	-0.04792133042
466.0	0.0	-0.4065111172	-0.04159526219	-0.02198157367	-0.01564305542	-0.02981371919	-0.04800514715
467.0	0.0	-0.4066104581	-0.04167336825	-0.02202033379	-0.01566488941	-0.02985438704	-0.04808886487
468.0	0.0	-0.4067109702	-0.04175137224	-0.02205905558	-0.01568670857	-0.02989499141	-0.04817248331
469.0	0.0	-0.4068125922	-0.04182927453	-0.0220977387	-0.01570851211	-0.02993553213	-0.04825600223
470.0	0.0	-0.4069152618	-0.04190707551	-0.0221363828	-0.01573029922	-0.02997600907	-0.04833942139
471.0	0.0	-0.4070189164	-0.0419847756	-0.02217498755	-0.01575206912	-0.03001642212	-0.04842274057
472.0	0.0	-0.407123493	-0.04206237522	-0.02221355259	-0.01577382101	-0.03005677118	-0.04850595957
473.0	0.0	-0.4072289286	-0.0421398748	-0.0222520776	-0.01579555409	-0.03009705619	-0.04858907821
474.0	0.0	-0.4073351598	-0.04221727482	-0.02229056224	-0.01581726757	-0.03013727711	-0.0486720963
475.0	0.0	-0.4074421234	-0.04229457572	-0.02232900617	-0.01583896069	-0.03017743394	-0.04875501371
476.0	0.0	-0.4075497563	-0.04237177799	-0.02236740907	-0.01586063267	-0.03021752669	-0.04883783028
477.0	0.0	-0.4076579957	-0.04244888213	-0.02240577061	-0.01588228274	-0.03025755538	-0.04892054589
478.0	0.0	-0.4077667791	-0.04252588864	-0.02244409048	-0.01590391017	-0.03029752008	-0.04900316044
479.0	0.0	-0.4078760444	-0.04260279802	-0.02248236837	-0.01592551421	-0.03033742088	-0.04908567384
480.0	0.0	-0.4079857302	-0.0426796108	-0.02252060398	-0.01594709413	-0.03037725787	-0.04916808601
481.0	0.0	-0.4080957757	-0.0427563275	-0.02255879699	-0.01596864923	-0.03041703118	-0.0492503969
482.0	0.0	-0.4082061209	-0.04283294865	-0.02259694714	-0.01599017882	-0.03045674095	-0.04933260645
483.0	0.0	-0.4083167066	-0.0429094748	-0.02263505412	-0.0160116822	-0.03049638737	-0.04941471465
484.0	0.0	-0.4084274746	-0.04298590647	-0.02267311767	-0.01603315873	-0.0305359706	-0.04949672149
485.0	0.0	-0.4085383677	-0.04306224422	-0.02271113752	-0.01605460776	-0.03057549086	-0.04957862696
486.0	0.0	-0.4086493297	-0.0431384886	-0.02274911341	-0.01607602866	-0.03061494838	-0.04966043109
487.0	0.0	-0.4087603058	-0.04321464015	-0.0227870451	-0.01609742083	-0.03065434338	-0.04974213391
488.0	0.0	-0.4088712423	-0.04329069942	-0.02282493235	-0.01611878368	-0.03069367615	-0.04982373547
489.0	0.0	-0.4089820868	-0.04336666696	-0.02286277493	-0.01614011665	-0.03073294693	-0.04990523584
490.0	0.0	-0.4090927884	-0.04344254332	-0.02290057262	-0.01616141921	-0.03077215604	-0.04998663509
491.0	0.0	-0.4092032974	-0.04351832904	-0.02293832522	-0.01618269082	-0.03081130377	-0.05006793331
492.0	0.0	-0.409313566	-0.04359402467	-0.02297603253	-0.01620393099	-0.03085039044	-0.05014913062
493.0	0.0	-0.4094235474	-0.04366963075	-0.02301369435	-0.01622513925	-0.03088941638	-0.05023022712
494.0	0.0	-0.4095331969	-0.0437451478	-0.02305131053	-0.01624631515	-0.03092838194	-0.05031122295
495.0	0.0	-0.4096424712	-0.04382057637	-0.02308888088	-0.01626745825	-0.03096728748	-0.05039211826
496.0	0.0	-0.4097513287	-0.04389591697	-0.02312640527	-0.01628856815	-0.03100613335	-0.0504729132
497.0	0.0	-0.4098597294	-0.04397117012	-0.02316388354	-0.01630964449	-0.03104491994	-0.05055360794
498.0	0.0	-0.4099676352	-0.04404633634	-0.02320131557	-0.01633068689	-0.03108364763	-0.05063420265
499.0	0.0	-0.4100750097	-0.04412141612	-0.02323870123	-0.01635169502	-0.03112231681	-0.05071469754
500.0	0.0	-0.4101818182	-0.04419640997	-0.02327604043	-0.0163726686	-0.03116092789	-0.05079509279
501.0	0.0	-0.410288028	-0.04427131836	-0.02331333306	-0.01639360732	-0.03119948128	-0.05087538861
502.0	0.0	-0.410393608	-0.04434614178	-0.02335057904	-0.01641451093	-0.03123797738	-0.05095558524
503.0	0.0	-0.4104985292	-0.0444208807	-0.02338777829	-0.0164353792	-0.03127641662	-0.0510356829
504.0	0.0	-0.410602764	-0.04449553556	-0.02342493075	-0.01645621193	-0.03131479941	-0.05111568182
505.0	0.0	-0.4107062871	-0.04457010682	-0.02346203637	-0.01647700892	-0.0313531262	-0.05119558225
506.0	0.0	-0.4108090748	-0.04464459491	-0.02349909511	-0.01649777001	-0.03139139741	-0.05127538444
507.0	0.0	-0.4109111052	-0.04471900026	-0.02353610694	-0.01651849508	-0.03142961346	-0.05135508866
508.0	0.0	-0.4110123584	-0.04479332329	-0.02357307184	-0.016539184	-0.03146777481	-0.05143469517
509.0	0.0	-0.4111128162	-0.04486756438	-0.0236099898	-0.01655983668	-0.03150588187	-0.05151420425
510.0	0.0	-0.4112124622	-0.04494172393	-0.02364686082	-0.01658045306	-0.03154393509	-0.05159361618
511.0	0.0	-0.4113112819	-0.04501580232	-0.02368368493	-0.01660103309	-0.0315819349	-0.05167293124
512.0	0.0	-0.4114092624	-0.0450897999	-0.02372046213	-0.01662157675	-0.03161988174	-0.05175214971
513.0	0.0	-0.4115063928	-0.04516371704	-0.02375719246	-0.01664208404	-0.03165777603	-0.05183127191
514.0	0.0	-0.4116026637	-0.04523755406	-0.02379387596	-0.01666255497	-0.03169561821	-0.05191029811
515.0	0.0	-0.4116980674	-0.04531131129	-0.02383051269	-0.01668298958	-0.03173340871	-0.05198922863
516.0	0.0	-0.4117925981	-0.04538498904	-0.02386710271	-0.01670338793	-0.03177114794	-0.05206806377
517.0	0.0	-0.4118862514	-0.04545858761	-0.02390364607	-0.01672375011	-0.03180883634	-0.05214680384
518.0	0.0	-0.4119790247	-0.04553210728	-0.02394014287	-0.01674407621	-0.0318464743	-0.05222544914
519.0	0.0	-0.4120709167	-0.04560554832	-0.02397659319	-0.01676436635	-0.03188406225	-0.05230399999
520.0	0.0	-0.412161928	-0.045678911	-0.02401299712	-0.01678462066	-0.03192160059	-0.0523824567
521.0	0.0	-0.4122520603	-0.04575219555	-0.02404935476	-0.01680483929	-0.03195908971	-0.05246081958
522.0	0.0	-0.4123413171	-0.0458254022	-0.02408566623	-0.0168250224	-0.03199653001	-0.05253908895
523.0	0.0	-0.4124297032	-0.04589853117	-0.02412193163	-0.01684517019	-0.03203392187	-0.05261726512
524.0	0.0	-0.4125172245	-0.04597158267	-0.0241581511	-0.01686528286	-0.03207126568	-0.0526953484
525.0	0.0	-0.4126038886	-0.04604455688	-0.02419432477	-0.0168853606	-0.03210856179	-0.05277333911
526.0	0.0	-0.4126897042	-0.04611745398	-0.02423045276	-0.01690540366	-0.03214581058	-0.05285123756
527.0	0.0	-0.4127746813	-0.04619027414	-0.02426653522	-0.01692541227	-0.0321830124	-0.05292904405
528.0	0.0	-0.4128588308	-0.04626301751	-0.0243025723	-0.01694538667	-0.0322201676	-0.0530067589
529.0	0.0	-0.4129421651	-0.04633568423	-0.02433856415	-0.01696532715	-0.0322572765	-0.05308438241
530.0	0.0	-0.4130246975	-0.04640827443	-0.02437451093	-0.01698523396	-0.03229433945	-0.05316191489
531.0	0.0	-0.4131064422	-0.04648078822	-0.02441041279	-0.0170051074	-0.03233135675	-0.05323935663
532.0	0.0	-0.4131874146	-0.04655322571	-0.02444626992	-0.01702494776	-0.03236832871	-0.05331670794
533.0	0.0	-0.4132676308	-0.04662558699	-0.02448208247	-0.01704475534	-0.03240525564	-0.05339396911
534.0	0.0	-0.413347108	-0.04669787213	-0.02451785061	-0.01706453045	-0.03244213783	-0.05347114043
535.0	0.0	-0.4134258639	-0.04677008122	-0.02455357454	-0.01708427341	-0.03247897555	-0.05354822218
536.0	0.0	-0.4135039173	-0.04684221432	-0.02458925442	-0.01710398455	-0.03251576907	-0.05362521466
537.0	0.0	-0.4135812874	-0.04691427146	-0.02462489043	-0.01712366419	-0.03255251865	-0.05370211813
538.0	0.0	-0.4136579942	-0.04698625269	-0.02466048277	-0.01714331268	-0.03258922454	-0.05377893288
539.0	0.0	-0.4137340583	-0.04705815805	-0.02469603162	-0.01716293035	-0.03262588698	-0.05385565917
540.0	0.0	-0.4138095008	-0.04712998754	-0.02473153716	-0.01718251755	-0.0326625062	-0.05393229726
541.0	0.0	-0.4138843432	-0.0472017412	-0.02476699959	-0.01720207463	-0.03269908241	-0.05400884742
542.0	0.0	-0.4139586077	-0.047273419	-0.0248024191	-0.01722160193	-0.03273561581	-0.0540853099
543.0	0.0	-0.4140323166	-0.04734502097	-0.02483779587	-0.01724109981	-0.03277210661	-0.05416168495
544.0	0.0	-0.4141054927	-0.04741654707	-0.0248731301	-0.01726056862	-0.032808555	-0.05423797281
545.0	0.0	-0.414178159	-0.04748799729	-0.02490842197	-0.01728000872	-0.03284496114	-0.05431417371
546.0	0.0	-0.4142503388	-0.04755937161	-0.02494367169	-0.01729942046	-0.0328813252	-0.05439028789
547.0	0.0	-0.4143220554	-0.04763066998	-0.02497887944	-0.0173188042	-0.03291764733	-0.05446631558
548.0	0.0	-0.4143933326	-0.04770189238	-0.02501404541	-0.01733816028	-0.03295392769	-0.05454225699
549.0	0.0	-0.4144641939	-0.04777303875	-0.0250491698	-0.01735748906	-0.03299016641	-0.05461811234
550.0	0.0	-0.4145346631	-0.04784410905	-0.02508425278	-0.01737679089	-0.03302636361	-0.05469388184
551.0	0.0	-0.4146047639	-0.04791510321	-0.02511929454	-0.01739606611	-0.03306251941	-0.05476956568
552.0	0.0	-0.4146745199	-0.04798602118	-0.02515429528	-0.01741531506	-0.03309863391	-0.05484516406
553.0	0.0	-0.4147439548	-0.04805686289	-0.02518925517	-0.01743453809	-0.03313470722	-0.05492067717
554.0	0.0	-0.4148130919	-0.04812762827	-0.0252241744	-0.01745373553	-0.03317073941	-0.05499610519
555.0	0.0	-0.4148819545	-0.04819831725	-0.02525905314	-0.01747290771	-0.03320673057	-0.0550714483
556.0	0.0	-0.4149505657	-0.04826892976	-0.02529389157	-0.01749205495	-0.03324268077	-0.05514670667
557.0	0.0	-0.4150189483	-0.04833946571	-0.02532868987	-0.01751117758	-0.03327859007	-0.05522188046
558.0	0.0	-0.4150871249	-0.04840992502	-0.0253634482	-0.01753027591	-0.03331445853	-0.05529696983
559.0	0.0	-0.4151551176	-0.04848030762	-0.02539816674	-0.01754935024	-0.03335028618	-0.05537197493
560.0	0.0	-0.4152229484	-0.04855061341	-0.02543284564	-0.01756840088	-0.03338607307	-0.05544689591
561.0	0.0	-0.4152906387	-0.04862084231	-0.02546748508	-0.01758742812	-0.03342181923	-0.05552173291
562.0	0.0	-0.4153582095	-0.04869099424	-0.0255020852	-0.01760643225	-0.03345752468	-0.05559648606
563.0	0.0	-0.4154256816	-0.0487610691	-0.02553664616	-0.01762541355	-0.03349318943	-0.05567115549
564.0	0.0	-0.415493075	-0.04883106681	-0.02557116812	-0.01764437229	-0.0335288135	-0.05574574132
565.0	0.0	-0.4155604096	-0.04890098728	-0.02560565122	-0.01766330873	-0.03356439689	-0.05582024367
566.0	0.0	-0.4156277043	-0.04897083042	-0.02564009561	-0.01768222313	-0.0335999396	-0.05589466265
567.0	0.0	-0.4156949778	-0.04904059614	-0.02567450141	-0.01770111574	-0.03363544161	-0.05596899837
568.0	0.0	-0.4157622483	-0.04911028437	-0.02570886878	-0.01771998679	-0.03367090291	-0.05604325092
569.0	0.0	-0.415829533	-0.04917989501	-0.02574319784	-0.01773883652	-0.03370632349	-0.05611742041
570.0	0.0	-0.4158968491	-0.04924942798	-0.02577748871	-0.01775766514	-0.03374170332	-0.05619150692
571.0	0.0	-0.4159642126	-0.0493188832	-0.02581174153	-0.01777647287	-0.03377704237	-0.05626551054
572.0	0.0	-0.4160316393	-0.04938826059	-0.0258459564	-0.01779525991	-0.0338123406	-0.05633943135
573.0	0.0	-0.4160991441	-0.04945756008	-0.02588013345	-0.01781402645	-0.03384759798	-0.05641326942
574.0	0.0	-0.4161667414	-0.04952678159	-0.02591427278	-0.01783277268	-0.03388281447	-0.05648702483
575.0	0.0	-0.4162344449	-0.04959592505	-0.0259483745	-0.01785149877	-0.03391799002	-0.05656069765
576.0	0.0	-0.4163022675	-0.04966499038	-0.02598243872	-0.0178702049	-0.03395312459	-0.05663428794
577.0	0.0	-0.4163702217	-0.04973397753	-0.02601646552	-0.01788889121	-0.03398821812	-0.05670779576
578.0	0.0	-0.4164383191	-0.04980288643	-0.026050455	-0.01790755785	-0.03402327056	-0.05678122116
579.0	0.0	-0.4165065706	-0.04987171703	-0.02608440725	-0.01792620496	-0.03405828186	-0.0568545642
580.0	0.0	-0.4165749865	-0.04994046926	-0.02611832235	-0.01794483267	-0.03409325196	-0.05692782493
581.0	0.0	-0.4166435764	-0.05000914308	-0.02615220039	-0.0179634411	-0.03412818079	-0.05700100339
582.0	0.0	-0.4167123491	-0.05007773845	-0.02618604144	-0.01798203035	-0.03416306831	-0.05707409962
583.0	0.0	-0.4167813129	-0.05014625531	-0.02621984557	-0.01800060054	-0.03419791444	-0.05714711367
584.0	0.0	-0.4168504753	-0.05021469364	-0.02625361284	-0.01801915174	-0.03423271913	-0.05722004557
585.0	0.0	-0.4169198431	-0.05028305339	-0.02628734333	-0.01803768405	-0.0342674823	-0.05729289536
586.0	0.0	-0.4169894225	-0.05035133454	-0.0263210371	-0.01805619754	-0.03430220391	-0.05736566306
587.0	0.0	-0.4170592188	-0.05041953706	-0.02635469418	-0.01807469228	-0.03433688388	-0.05743834872
588.0	0.0	-0.4171292369	-0.05048766094	-0.02638831465	-0.01809316832	-0.03437152215	-0.05751095235
589.0	0.0	-0.4171994809	-0.05055570615	-0.02642189855	-0.01811162571	-0.03440611866	-0.05758347399
590.0	0.0	-0.4172699544	-0.0506236727	-0.02645544591	-0.0181300645	-0.03444067335	-0.05765591365
591.0	0.0	-0.4173406601	-0.05069156056	-0.02648895679	-0.01814848471	-0.03447518615	-0.05772827136
592.0	0.0	-0.4174116002	-0.05075936976	-0.02652243122	-0.01816688638	-0.034509657	-0.05780054715
593.0	0.0	-0.4174827765	-0.05082710027	-0.02655586923	-0.01818526952	-0.03454408585	-0.05787274103
594.0	0.0	-0.4175541897	-0.05089475213	-0.02658927086	-0.01820363414	-0.03457847263	-0.05794485302
595.0	0.0	-0.4176258404	-0.05096232534	-0.02662263613	-0.01822198025	-0.03461281729	-0.05801688315
596.0	0.0	-0.4176977284	-0.05102981992	-0.02665596506	-0.01824030785	-0.03464711977	-0.05808883142
597.0	0.0	-0.4177698528	-0.05109723589	-0.02668925768	-0.01825861692	-0.03468138003	-0.05816069786
598.0	0.0	-0.4178422125	-0.0511645733	-0.026722514	-0.01827690745	-0.03471559801	-0.05823248249
599.0	0.0	-0.4179148055	-0.05123183216	-0.02675573404	-0.01829517942	-0.03474977367	-0.05830418532
600.0	0.0	-0.4179876296	-0.05129901252	-0.02678891782	-0.01831343281	-0.03478390695	-0.05837580637
601.0	0.0	-0.4180606819	-0.05136611443	-0.02682206535	-0.01833166757	-0.03481799782	-0.05844734565
602.0	0.0	-0.4181339591	-0.05143313793	-0.02685517662	-0.01834988367	-0.03485204623	-0.05851880319
603.0	0.0	-0.4182074574	-0.05150008308	-0.02688825166	-0.01836808106	-0.03488605215	-0.058590179
604.0	0.0	-0.4182811726	-0.05156694994	-0.02692129045	-0.01838625971	-0.03492001555	-0.05866147311
605.0	0.0	-0.4183550999	-0.05163373856	-0.02695429301	-0.01840441955	-0.03495393638	-0.05873268552
606.0	0.0	-0.4184292345	-0.05170044902	-0.02698725934	-0.01842256053	-0.03498781463	-0.05880381626
607.0	0.0	-0.4185035708	-0.05176708139	-0.02702018943	-0.01844068259	-0.03502165027	-0.05887486536
608.0	0.0	-0.4185781031	-0.05183363575	-0.02705308327	-0.01845878566	-0.03505544328	-0.05894583282
609.0	0.0	-0.4186528251	-0.05190011217	-0.02708594087	-0.01847686968	-0.03508919363	-0.05901671868
610.0	0.0	-0.4187277304	-0.05196651075	-0.02711876222	-0.01849493457	-0.03512290132	-0.05908752296
611.0	0.0	-0.4188028123	-0.05203283157	-0.0271515473	-0.01851298026	-0.03515656633	-0.05915824569
612.0	0.0	-0.4188780636	-0.05209907471	-0.02718429612	-0.01853100668	-0.03519018866	-0.05922888688
613.0	0.0	-0.4189534771	-0.05216524029	-0.02721700865	-0.01854901374	-0.0352237683	-0.05929944658
614.0	0.0	-0.4190290452	-0.0522313284	-0.0272496849	-0.01856700137	-0.03525730525	-0.0593699248
615.0	0.0	-0.41910476	-0.05229733915	-0.02728232484	-0.01858496948	-0.03529079951	-0.05944032158
616.0	0.0	-0.4191806135	-0.05236327264	-0.02731492847	-0.01860291798	-0.0353242511	-0.05951063696
617.0	0.0	-0.4192565976	-0.05242912897	-0.02734749578	-0.01862084679	-0.03535766001	-0.05958087097
618.0	0.0	-0.419332704	-0.05249490828	-0.02738002674	-0.01863875582	-0.03539102628	-0.05965102364
619.0	0.0	-0.419408924	-0.05256061067	-0.02741252135	-0.018656645	-0.0354243499	-0.05972109501
620.0	0.0	-0.4194852491	-0.05262623626	-0.02744497959	-0.01867451421	-0.03545763092	-0.05979108513
621.0	0.0	-0.4195616706	-0.05269178517	-0.02747740145	-0.01869236339	-0.03549086934	-0.05986099404
622.0	0.0	-0.4196381797	-0.05275725754	-0.02750978691	-0.01871019243	-0.0355240652	-0.05993082178
623.0	0.0	-0.4197147673	-0.05282265348	-0.02754213597	-0.01872800126	-0.03555721854	-0.06000056839
624.0	0.0	-0.4197914247	-0.05288797313	-0.0275744486	-0.01874578977	-0.03559032938	-0.06007023393
625.0	0.0	-0.4198681428	-0.05295321661	-0.0276067248	-0.01876355789	-0.03562339778	-0.06013981845
626.0	0.0	-0.4199449126	-0.05301838407	-0.02763896454	-0.01878130553	-0.03565642376	-0.060209322
627.0	0.0	-0.4200217252	-0.05308347564	-0.02767116783	-0.01879903259	-0.03568940738	-0.06027874464
628.0	0.0	-0.4200985716	-0.05314849145	-0.02770333464	-0.018816739	-0.03572234869	-0.06034808642
629.0	0.0	-0.4201754427	-0.05321343165	-0.02773546497	-0.01883442467	-0.03575524773	-0.06041734741
630.0	0.0	-0.4202523299	-0.05327829637	-0.0277675588	-0.01885208952	-0.03578810458	-0.06048652765
631.0	0.0	-0.4203292241	-0.05334308576	-0.02779961613	-0.01886973346	-0.03582091927	-0.06055562723
632.0	0.0	-0.4204061167	-0.05340779995	-0.02783163694	-0.01888735642	-0.03585369189	-0.0606246462
633.0	0.0	-0.420482999	-0.0534724391	-0.02786362123	-0.01890495833	-0.03588642249	-0.06069358464
634.0	0.0	-0.4205598624	-0.05353700334	-0.02789556899	-0.01892253909	-0.03591911113	-0.06076244261
635.0	0.0	-0.4206366986	-0.05360149282	-0.02792748021	-0.01894009865	-0.0359517579	-0.06083122018
636.0	0.0	-0.4207134992	-0.0536659077	-0.0279593549	-0.01895763693	-0.03598436286	-0.06089991744
637.0	0.0	-0.420790256	-0.0537302481	-0.02799119304	-0.01897515386	-0.0360169261	-0.06096853445
638.0	0.0	-0.4208669612	-0.05379451418	-0.02802299464	-0.01899264938	-0.03604944768	-0.0610370713
639.0	0.0	-0.4209436068	-0.05385870609	-0.02805475969	-0.01901012343	-0.03608192769	-0.06110552807
640.0	0.0	-0.4210201852	-0.05392282397	-0.02808648819	-0.01902757594	-0.03611436621	-0.06117390483
641.0	0.0	-0.4210966889	-0.05398686798	-0.02811818015	-0.01904500686	-0.03614676333	-0.06124220169
642.0	0.0	-0.4211731106	-0.05405083824	-0.02814983557	-0.01906241614	-0.03617911914	-0.06131041871
643.0	0.0	-0.4212494433	-0.05411473492	-0.02818145445	-0.01907980371	-0.03621143372	-0.061378556
644.0	0.0	-0.4213256802	-0.05417855815	-0.02821303679	-0.01909716955	-0.03624370717	-0.06144661364
645.0	0.0	-0.4214018145	-0.05424230809	-0.02824458261	-0.01911451359	-0.03627593958	-0.06151459172
646.0	0.0	-0.4214778399	-0.05430598487	-0.02827609192	-0.0191318358	-0.03630813104	-0.06158249034
647.0	0.0	-0.4215537501	-0.05436958864	-0.02830756472	-0.01914913615	-0.03634028165	-0.0616503096
648.0	0.0	-0.4216295394	-0.05443311954	-0.02833900103	-0.01916641459	-0.0363723915	-0.06171804958
649.0	0.0	-0.4217052018	-0.05449657771	-0.02837040086	-0.0191836711	-0.03640446071	-0.0617857104
650.0	0.0	-0.4217807321	-0.0545599633	-0.02840176422	-0.01920090565	-0.03643648935	-0.06185329215
651.0	0.0	-0.4218561249	-0.05462327644	-0.02843309114	-0.01921811821	-0.03646847755	-0.06192079493
652.0	0.0	-0.4219313753	-0.05468651727	-0.02846438162	-0.01923530876	-0.03650042539	-0.06198821884
653.0	0.0	-0.4220064787	-0.05474968593	-0.0284956357	-0.01925247728	-0.03653233298	-0.062055564
654.0	0.0	-0.4220814306	-0.05481278255	-0.02852685338	-0.01926962377	-0.03656420042	-0.06212283051
655.0	0.0	-0.4221562268	-0.05487580727	-0.02855803471	-0.0192867482	-0.03659602783	-0.06219001847
656.0	0.0	-0.4222308635	-0.05493876022	-0.02858917969	-0.01930385058	-0.03662781529	-0.06225712799
657.0	0.0	-0.4223053369	-0.05500164153	-0.02862028835	-0.01932093089	-0.03665956293	-0.06232415918
658.0	0.0	-0.4223796436	-0.05506445133	-0.02865136073	-0.01933798914	-0.03669127083	-0.06239111216
659.0	0.0	-0.4224537807	-0.05512718975	-0.02868239684	-0.01935502534	-0.03672293912	-0.06245798703
660.0	0.0	-0.4225277451	-0.05518985692	-0.02871339673	-0.01937203947	-0.03675456789	-0.06252478391
661.0	0.0	-0.4226015343	-0.05525245295	-0.02874436043	-0.01938903156	-0.03678615725	-0.06259150291
662.0	0.0	-0.4226751459	-0.05531497797	-0.02877528796	-0.01940600162	-0.0368177073	-0.06265814414
663.0	0.0	-0.4227485779	-0.05537743211	-0.02880617936	-0.01942294967	-0.03684921816	-0.06272470772
664.0	0.0	-0.4228218284	-0.05543981547	-0.02883703468	-0.01943987571	-0.03688068992	-0.06279119376
665.0	0.0	-0.4228948958	-0.05550212818	-0.02886785394	-0.01945677977	-0.0369121227	-0.06285760238
666.0	0.0	-0.4229677788	-0.05556437035	-0.02889863718	-0.01947366189	-0.03694351658	-0.0629239337
667.0	0.0	-0.4230404763	-0.0556265421	-0.02892938445	-0.01949052207	-0.03697487169	-0.06299018783
668.0	0.0	-0.4231129874	-0.05568864353	-0.02896009579	-0.01950736037	-0.03700618812	-0.06305636488
669.0	0.0	-0.4231853115	-0.05575067476	-0.02899077124	-0.0195241768	-0.03703746598	-0.06312246499
670.0	0.0	-0.4232574483	-0.05581263588	-0.02902141084	-0.0195409714	-0.03706870536	-0.06318848826
671.0	0.0	-0.4233293975	-0.05587452701	-0.02905201464	-0.01955774422	-0.03709990637	-0.06325443481
672.0	0.0	-0.4234011591	-0.05593634826	-0.02908258269	-0.01957449529	-0.0371310691	-0.06332030475
673.0	0.0	-0.4234727336	-0.05599809971	-0.02911311503	-0.01959122465	-0.03716219367	-0.06338609822
674.0	0.0	-0.4235441213	-0.05605978146	-0.02914361171	-0.01960793236	-0.03719328016	-0.06345181532
675.0	0.0	-0.4236153229	-0.05612139363	-0.02917407278	-0.01962461846	-0.03722432867	-0.06351745618
676.0	0.0	-0.4236863393	-0.0561829363	-0.02920449829	-0.01964128299	-0.0372553393	-0.0635830209
677.0	0.0	-0.4237571715	-0.05624440955	-0.0292348883	-0.01965792601	-0.03728631214	-0.06364850962
678.0	0.0	-0.4238278208	-0.0563058135	-0.02926524285	-0.01967454758	-0.03731724729	-0.06371392243
679.0	0.0	-0.4238982887	-0.05636714822	-0.029295562	-0.01969114775	-0.03734814484	-0.06377925948
680.0	0.0	-0.4239685766	-0.0564284138	-0.0293258458	-0.01970772657	-0.03737900488	-0.06384452086
681.0	0.0	-0.4240386864	-0.05648961033	-0.0293560943	-0.01972428411	-0.0374098275	-0.06390970669
682.0	0.0	-0.42410862	-0.05655073789	-0.02938630756	-0.01974082043	-0.03744061278	-0.0639748171
683.0	0.0	-0.4241783793	-0.05661179656	-0.02941648564	-0.01975733558	-0.03747136082	-0.06403985219
684.0	0.0	-0.4242479667	-0.05667278643	-0.02944662859	-0.01977382964	-0.03750207171	-0.06410481209
685.0	0.0	-0.4243173844	-0.05673370757	-0.02947673647	-0.01979030266	-0.03753274551	-0.0641696969
686.0	0.0	-0.4243866348	-0.05679456005	-0.02950680934	-0.01980675471	-0.03756338232	-0.06423450674
687.0	0.0	-0.4244557206	-0.05685534397	-0.02953684725	-0.01982318586	-0.03759398223	-0.06429924173
688.0	0.0	-0.4245246443	-0.05691605937	-0.02956685026	-0.01983959618	-0.03762454529	-0.06436390197
689.0	0.0	-0.4245934089	-0.05697670635	-0.02959681843	-0.01985598573	-0.03765507161	-0.06442848758
690.0	0.0	-0.424662017	-0.05703728497	-0.02962675181	-0.01987235458	-0.03768556124	-0.06449299866
691.0	0.0	-0.4247304718	-0.0570977953	-0.02965665048	-0.0198887028	-0.03771601427	-0.06455743534
692.0	0.0	-0.4247987762	-0.05715823741	-0.02968651448	-0.01990503046	-0.03774643077	-0.06462179771
693.0	0.0	-0.4248669333	-0.05721861136	-0.02971634388	-0.01992133764	-0.03777681081	-0.0646860859
694.0	0.0	-0.4249349463	-0.05727891723	-0.02974613873	-0.0199376244	-0.03780715447	-0.06475029999
695.0	0.0	-0.4250028184	-0.05733915506	-0.0297758991	-0.01995389082	-0.0378374618	-0.06481444011
696.0	0.0	-0.4250705529	-0.05739932493	-0.02980562504	-0.01997013696	-0.03786773288	-0.06487850636
697.0	0.0	-0.4251381531	-0.0574594269	-0.02983531661	-0.0199863629	-0.03789796777	-0.06494249884
698.0	0.0	-0.4252056224	-0.05751946103	-0.02986497387	-0.02000256871	-0.03792816654	-0.06500641766
699.0	0.0	-0.4252729641	-0.05757942737	-0.02989459689	-0.02001875447	-0.03795832925	-0.06507026292
700.0	0.0	-0.4253401816	-0.05763932599	-0.02992418572	-0.02003492023	-0.03798845596	-0.06513403473
701.0	0.0	-0.4254072783	-0.05769915694	-0.02995374042	-0.02005106607	-0.03801854673	-0.06519773318
702.0	0.0	-0.4254742577	-0.05775892029	-0.02998326105	-0.02006719207	-0.03804860161	-0.06526135838
703.0	0.0	-0.4255411231	-0.05781861608	-0.03001274766	-0.02008329829	-0.03807862067	-0.06532491042
704.0	0.0	-0.425607878	-0.05787824437	-0.03004220033	-0.02009938481	-0.03810860396	-0.06538838942
705.0	0.0	-0.4256745258	-0.05793780522	-0.03007161909	-0.02011545168	-0.03813855153	-0.06545179545
706.0	0.0	-0.4257410699	-0.05799729868	-0.03010100402	-0.02013149899	-0.03816846343	-0.06551512863
707.0	0.0	-0.4258075136	-0.0580567248	-0.03013035517	-0.0201475268	-0.03819833973	-0.06557838904
708.0	0.0	-0.4258738603	-0.05811608364	-0.03015967259	-0.02016353517	-0.03822818046	-0.06564157678
709.0	0.0	-0.4259401132	-0.05817537525	-0.03018895635	-0.02017952417	-0.03825798567	-0.06570469195
710.0	0.0	-0.4260062756	-0.05823459968	-0.03021820649	-0.02019549387	-0.03828775541	-0.06576773463
711.0	0.0	-0.4260723508	-0.05829375698	-0.03024742308	-0.02021144433	-0.03831748974	-0.06583070493
712.0	0.0	-0.4261383419	-0.05835284721	-0.03027660617	-0.02022737562	-0.03834718868	-0.06589360293
713.0	0.0	-0.4262042519	-0.05841187041	-0.03030575582	-0.02024328779	-0.0383768523	-0.06595642872
714.0	0.0	-0.4262700841	-0.05847082663	-0.03033487207	-0.02025918092	-0.03840648062	-0.06601918239
715.0	0.0	-0.4263358413	-0.05852971593	-0.03036395499	-0.02027505505	-0.03843607369	-0.06608186403
716.0	0.0	-0.4264015265	-0.05858853836	-0.03039300462	-0.02029091025	-0.03846563156	-0.06614447373
717.0	0.0	-0.4264671425	-0.05864729396	-0.03042202102	-0.02030674658	-0.03849515425	-0.06620701157
718.0	0.0	-0.4265326921	-0.0587059828	-0.03045100425	-0.0203225641	-0.03852464182	-0.06626947764
719.0	0.0	-0.4265981781	-0.0587646049	-0.03047995434	-0.02033836285	-0.0385540943	-0.06633187203
720.0	0.0	-0.4266636031	-0.05882316034	-0.03050887136	-0.02035414289	-0.03858351172	-0.06639419482
721.0	0.0	-0.4267289696	-0.05888164916	-0.03053775535	-0.02036990429	-0.03861289412	-0.06645644609
722.0	0.0	-0.42679428	-0.0589400714	-0.03056660637	-0.02038564708	-0.03864224154	-0.06651862592
723.0	0.0	-0.4268595368	-0.05899842713	-0.03059542445	-0.02040137132	-0.03867155401	-0.0665807344
724.0	0.0	-0.4269247423	-0.05905671639	-0.03062420966	-0.02041707706	-0.03870083156	-0.06664277161
725.0	0.0	-0.4269898986	-0.05911493923	-0.03065296203	-0.02043276435	-0.03873007423	-0.06670473762
726.0	0.0	-0.4270550078	-0.0591730957	-0.03068168162	-0.02044843323	-0.03875928206	-0.06676663253
727.0	0.0	-0.427120072	-0.05923118586	-0.03071036847	-0.02046408375	-0.03878845507	-0.0668284564
728.0	0.0	-0.427185093	-0.05928920976	-0.03073902263	-0.02047971595	-0.0388175933	-0.06689020931
729.0	0.0	-0.4272500727	-0.05934716746	-0.03076764414	-0.02049532988	-0.03884669677	-0.06695189135
730.0	0.0	-0.4273150129	-0.059405059	-0.03079623305	-0.02051092557	-0.03887576552	-0.06701350259
731.0	0.0	-0.427379915	-0.05946288443	-0.0308247894	-0.02052650306	-0.03890479958	-0.0670750431
732.0	0.0	-0.4274447808	-0.05952064382	-0.03085331323	-0.02054206241	-0.03893379898	-0.06713651296
733.0	0.0	-0.4275096115	-0.05957833722	-0.03088180459	-0.02055760363	-0.03896276375	-0.06719791225
734.0	0.0	-0.4275744085	-0.05963596468	-0.03091026352	-0.02057312677	-0.03899169392	-0.06725924105
735.0	0.0	-0.427639173	-0.05969352626	-0.03093869006	-0.02058863186	-0.03902058951	-0.06732049941
736.0	0.0	-0.4277039062	-0.05975102201	-0.03096708425	-0.02060411893	-0.03904945057	-0.06738168743
737.0	0.0	-0.4277686091	-0.059808452	-0.03099544613	-0.02061958802	-0.0390782771	-0.06744280517
738.0	0.0	-0.4278332827	-0.05986581627	-0.03102377574	-0.02063503916	-0.03910706916	-0.06750385271
739.0	0.0	-0.4278979277	-0.05992311489	-0.03105207312	-0.02065047237	-0.03913582675	-0.06756483011
740.0	0.0	-0.427962545	-0.05998034792	-0.0310803383	-0.02066588769	-0.03916454993	-0.06762573746
741.0	0.0	-0.4280271351	-0.06003751541	-0.03110857133	-0.02068128514	-0.0391932387	-0.06768657481
742.0	0.0	-0.4280916987	-0.06009461742	-0.03113677225	-0.02069666475	-0.0392218931	-0.06774734225
743.0	0.0	-0.4281562361	-0.06015165402	-0.03116494108	-0.02071202653	-0.03925051316	-0.06780803985
744.0	0.0	-0.4282207479	-0.06020862527	-0.03119307787	-0.02072737052	-0.03927909891	-0.06786866767
745.0	0.0	-0.4282852341	-0.06026553122	-0.03122118265	-0.02074269674	-0.03930765038	-0.06792922579
746.0	0.0	-0.4283496952	-0.06032237194	-0.03124925545	-0.02075800521	-0.03933616759	-0.06798971428
747.0	0.0	-0.4284141311	-0.0603791475	-0.03127729632	-0.02077329594	-0.03936465059	-0.0680501332
748.0	0.0	-0.428478542	-0.06043585795	-0.03130530528	-0.02078856897	-0.03939309938	-0.06811048263
749.0	0.0	-0.4285429277	-0.06049250336	-0.03133328237	-0.0208038243	-0.03942151402	-0.06817076264
750.0	0.0	-0.4286072881	-0.0605490838	-0.03136122762	-0.02081906195	-0.03944989451	-0.06823097329
751.0	0.0	-0.4286716231	-0.06060559933	-0.03138914106	-0.02083428194	-0.03947824091	-0.06829111466
752.0	0.0	-0.4287359323	-0.06066205002	-0.03141702273	-0.02084948429	-0.03950655323	-0.06835118682
753.0	0.0	-0.4288002154	-0.06071843593	-0.03144487266	-0.020864669	-0.03953483151	-0.06841118983
754.0	0.0	-0.4288644721	-0.06077475714	-0.03147269088	-0.0208798361	-0.03956307578	-0.06847112377
755.0	0.0	-0.4289287017	-0.0608310137	-0.03150047743	-0.0208949856	-0.03959128607	-0.06853098871
756.0	0.0	-0.4289929039	-0.0608872057	-0.03152823232	-0.02091011751	-0.03961946241	-0.06859078471
757.0	0.0	-0.4290570779	-0.06094333319	-0.0315559556	-0.02092523184	-0.03964760484	-0.06865051184
758.0	0.0	-0.4291212231	-0.06099939625	-0.0315836473	-0.0209403286	-0.03967571338	-0.06871017018
759.0	0.0	-0.4291853387	-0.06105539495	-0.03161130743	-0.0209554078	-0.03970378808	-0.06876975978
760.0	0.0	-0.4292494241	-0.06111132936	-0.03163893604	-0.02097046946	-0.03973182896	-0.06882928074
761.0	0.0	-0.4293134784	-0.06116719955	-0.03166653316	-0.02098551357	-0.03975983606	-0.0688887331
762.0	0.0	-0.4293775007	-0.0612230056	-0.0316940988	-0.02100054016	-0.03978780941	-0.06894811694
763.0	0.0	-0.4294414901	-0.06127874757	-0.03172163301	-0.02101554923	-0.03981574905	-0.06900743234
764.0	0.0	-0.4295054456	-0.06133442554	-0.03174913581	-0.02103054079	-0.03984365501	-0.06906667936
765.0	0.0	-0.4295693664	-0.06139003959	-0.03177660723	-0.02104551484	-0.03987152733	-0.06912585807
766.0	0.0	-0.4296332512	-0.06144558978	-0.03180404729	-0.0210604714	-0.03989936605	-0.06918496854
767.0	0.0	-0.4296970991	-0.06150107619	-0.03183145603	-0.02107541047	-0.0399271712	-0.06924401084
768.0	0.0	-0.429760909	-0.0615564989	-0.03185883348	-0.02109033205	-0.03995494281	-0.06930298505
769.0	0.0	-0.4298246798	-0.06161185798	-0.03188617966	-0.02110523616	-0.03998268094	-0.06936189123
770.0	0.0	-0.4298884103	-0.06166715351	-0.0319134946	-0.02112012279	-0.0400103856	-0.06942072945
771.0	0.0	-0.4299520994	-0.06172238557	-0.03194077832	-0.02113499197	-0.04003805685	-0.06947949979
772.0	0.0	-0.4300157459	-0.06177755422	-0.03196803087	-0.02114984368	-0.04006569472	-0.06953820232
773.0	0.0	-0.4300793485	-0.06183265955	-0.03199525225	-0.02116467795	-0.04009329926	-0.0695968371
774.0	0.0	-0.4301429062	-0.06188770164	-0.03202244251	-0.02117949476	-0.04012087049	-0.06965540422
775.0	0.0	-0.4302064176	-0.06194268056	-0.03204960167	-0.02119429414	-0.04014840846	-0.06971390373
776.0	0.0	-0.4302698815	-0.06199759638	-0.03207672976	-0.02120907609	-0.04017591322	-0.06977233572
777.0	0.0	-0.4303332968	-0.0620524492	-0.0321038268	-0.0212238406	-0.0402033848	-0.06983070026
778.0	0.0	-0.4303966621	-0.06210723908	-0.03213089282	-0.0212385877	-0.04023082324	-0.06988899741
779.0	0.0	-0.4304599763	-0.0621619661	-0.03215792786	-0.02125331738	-0.04025822859	-0.06994722726
780.0	0.0	-0.4305232381	-0.06221663035	-0.03218493193	-0.02126802965	-0.04028560089	-0.07000538987
781.0	0.0	-0.4305864462	-0.0622712319	-0.03221190507	-0.02128272452	-0.04031294019	-0.07006348532
782.0	0.0	-0.4306495995	-0.06232577082	-0.03223884731	-0.02129740199	-0.04034024651	-0.07012151368
783.0	0.0	-0.4307126968	-0.06238024721	-0.03226575867	-0.02131206208	-0.04036751992	-0.07017947503
784.0	0.0	-0.4307757368	-0.06243466113	-0.03229263918	-0.02132670478	-0.04039476044	-0.07023736943
785.0	0.0	-0.4308387184	-0.06248901268	-0.03231948887	-0.0213413301	-0.04042196814	-0.07029519697
786.0	0.0	-0.4309016404	-0.06254330191	-0.03234630776	-0.02135593806	-0.04044914305	-0.07035295771
787.0	0.0	-0.4309645016	-0.06259752893	-0.03237309589	-0.02137052866	-0.04047628521	-0.07041065174
788.0	0.0	-0.4310273008	-0.06265169379	-0.03239985329	-0.02138510191	-0.04050339467	-0.07046827912
789.0	0.0	-0.4310900371	-0.0627057966	-0.03242657998	-0.02139965782	-0.04053047148	-0.07052583994
790.0	0.0	-0.4311527092	-0.06275983741	-0.03245327599	-0.02141419639	-0.04055751569	-0.07058333427
791.0	0.0	-0.4312153161	-0.06281381632	-0.03247994136	-0.02142871764	-0.04058452733	-0.07064076217
792.0	0.0	-0.4312778568	-0.0628677334	-0.0325065761	-0.02144322157	-0.04061150646	-0.07069812374
793.0	0.0	-0.4313403302	-0.06292158873	-0.03253318026	-0.0214577082	-0.04063845312	-0.07075541904
794.0	0.0	-0.4314027354	-0.06297538239	-0.03255975385	-0.02147217753	-0.04066536736	-0.07081264815
795.0	0.0	-0.4314650713	-0.06302911445	-0.03258629691	-0.02148662958	-0.04069224923	-0.07086981115
796.0	0.0	-0.4315273371	-0.06308278501	-0.03261280948	-0.02150106435	-0.04071909877	-0.07092690812
797.0	0.0	-0.4315895318	-0.06313639413	-0.03263929157	-0.02151548186	-0.04074591603	-0.07098393912
798.0	0.0	-0.4316516546	-0.06318994189	-0.03266574322	-0.02152988213	-0.04077270107	-0.07104090424
799.0	0.0	-0.4317137046	-0.06324342838	-0.03269216446	-0.02154426515	-0.04079945391	-0.07109780356
800.0	0.0	-0.431775681	-0.06329685367	-0.03271855532	-0.02155863096	-0.04082617462	-0.07115463714
801.0	0.0	-0.4318375831	-0.06335021783	-0.03274491583	-0.02157297955	-0.04085286325	-0.07121140508
802.0	0.0	-0.4318994101	-0.06340352096	-0.03277124602	-0.02158731094	-0.04087951983	-0.07126810744
803.0	0.0	-0.4319611614	-0.06345676311	-0.03279754593	-0.02160162515	-0.04090614443	-0.07132474431
804.0	0.0	-0.4320228361	-0.06350994438	-0.03282381558	-0.0216159222	-0.04093273708	-0.07138131575
805.0	0.0	-0.4320844339	-0.06356306484	-0.032850055	-0.02163020209	-0.04095929784	-0.07143782186
806.0	0.0	-0.4321459539	-0.06361612455	-0.03287626424	-0.02164446484	-0.04098582675	-0.07149426271
807.0	0.0	-0.4322073958	-0.06366912361	-0.03290244331	-0.02165871047	-0.04101232386	-0.07155063837
808.0	0.0	-0.4322687589	-0.06372206209	-0.03292859225	-0.021672939	-0.04103878923	-0.07160694892
809.0	0.0	-0.4323300428	-0.06377494006	-0.0329547111	-0.02168715044	-0.0410652229	-0.07166319445
810.0	0.0	-0.4323912471	-0.0638277576	-0.03298079989	-0.02170134481	-0.04109162491	-0.07171937503
811.0	0.0	-0.4324523713	-0.06388051479	-0.03300685864	-0.02171552212	-0.04111799532	-0.07177549074
812.0	0.0	-0.4325134151	-0.06393321169	-0.0330328874	-0.02172968241	-0.04114433417	-0.07183154165
813.0	0.0	-0.4325743782	-0.06398584838	-0.03305888619	-0.02174382567	-0.04117064152	-0.07188752785
814.0	0.0	-0.4326352603	-0.06403842495	-0.03308485505	-0.02175795194	-0.04119691741	-0.07194344941
815.0	0.0	-0.432696061	-0.06409094145	-0.03311079401	-0.02177206124	-0.04122316189	-0.07199930642
816.0	0.0	-0.4327567803	-0.06414339798	-0.0331367031	-0.02178615358	-0.04124937501	-0.07205509895
817.0	0.0	-0.4328174178	-0.06419579459	-0.03316258237	-0.02180022898	-0.04127555681	-0.07211082707
818.0	0.0	-0.4328779736	-0.06424813136	-0.03318843184	-0.02181428747	-0.04130170735	-0.07216649088
819.0	0.0	-0.4329384474	-0.06430040837	-0.03321425154	-0.02182832906	-0.04132782667	-0.07222209044
820.0	0.0	-0.4329988391	-0.06435262568	-0.03324004152	-0.02184235378	-0.04135391482	-0.07227762584
821.0	0.0	-0.4330591488	-0.06440478338	-0.03326580179	-0.02185636165	-0.04137997184	-0.07233309716
822.0	0.0	-0.4331193764	-0.06445688153	-0.03329153241	-0.0218703527	-0.04140599779	-0.07238850446
823.0	0.0	-0.433179522	-0.06450892019	-0.03331723341	-0.02188432693	-0.04143199271	-0.07244384784
824.0	0.0	-0.4332395855	-0.06456089946	-0.03334290481	-0.02189828439	-0.04145795665	-0.07249912737
825.0	0.0	-0.4332995671	-0.06461281938	-0.03336854665	-0.02191222508	-0.04148388965	-0.07255434312
826.0	0.0	-0.4333594669	-0.06466468004	-0.03339415898	-0.02192614904	-0.04150979176	-0.07260949518
827.0	0.0	-0.4334192851	-0.0647164815	-0.03341974182	-0.02194005629	-0.04153566303	-0.07266458362
828.0	0.0	-0.4334790217	-0.06476822384	-0.0334452952	-0.02195394685	-0.04156150351	-0.07271960853
829.0	0.0	-0.433538677	-0.06481990712	-0.03347081917	-0.02196782075	-0.04158731323	-0.07277456998
830.0	0.0	-0.4335982513	-0.06487153141	-0.03349631376	-0.02198167801	-0.04161309225	-0.07282946804
831.0	0.0	-0.4336577447	-0.06492309679	-0.03352177901	-0.02199551866	-0.04163884061	-0.0728843028
832.0	0.0	-0.4337171575	-0.06497460331	-0.03354721494	-0.02200934272	-0.04166455835	-0.07293907433
833.0	0.0	-0.4337764901	-0.06502605105	-0.0335726216	-0.02202315021	-0.04169024553	-0.07299378272
834.0	0.0	-0.4338357428	-0.06507744007	-0.03359799902	-0.02203694117	-0.04171590218	-0.07304842803
835.0	0.0	-0.4338949158	-0.06512877044	-0.03362334724	-0.02205071562	-0.04174152836	-0.07310301035
836.0	0.0	-0.4339540096	-0.06518004224	-0.03364866629	-0.02206447358	-0.04176712409	-0.07315752975
837.0	0.0	-0.4340130245	-0.06523125552	-0.03367395622	-0.02207821508	-0.04179268944	-0.07321198631
838.0	0.0	-0.434071961	-0.06528241035	-0.03369921704	-0.02209194015	-0.04181822443	-0.07326638011
839.0	0.0	-0.4341308194	-0.0653335068	-0.0337244488	-0.02210564881	-0.04184372913	-0.07332071122
840.0	0.0	-0.4341896001	-0.06538454493	-0.03374965155	-0.02211934109	-0.04186920356	-0.07337497971
841.0	0.0	-0.4342483037	-0.06543552481	-0.0337748253	-0.02213301701	-0.04189464777	-0.07342918568
842.0	0.0	-0.4343069305	-0.06548644651	-0.0337999701	-0.02214667661	-0.0419200618	-0.07348332919
843.0	0.0	-0.4343654811	-0.06553731008	-0.03382508598	-0.02216031991	-0.04194544571	-0.07353741031
844.0	0.0	-0.434423956	-0.0655881156	-0.03385017299	-0.02217394693	-0.04197079952	-0.07359142913
845.0	0.0	-0.4344823555	-0.06563886313	-0.03387523115	-0.02218755771	-0.04199612328	-0.07364538572
846.0	0.0	-0.4345406802	-0.06568955273	-0.0339002605	-0.02220115226	-0.04202141703	-0.07369928015
847.0	0.0	-0.4345989307	-0.06574018447	-0.03392526108	-0.02221473062	-0.04204668081	-0.0737531125
848.0	0.0	-0.4346571074	-0.06579075841	-0.03395023292	-0.02222829281	-0.04207191467	-0.07380688285
849.0	0.0	-0.4347152109	-0.06584127462	-0.03397517606	-0.02224183887	-0.04209711865	-0.07386059127
850.0	0.0	-0.4347732417	-0.06589173315	-0.03400009054	-0.0222553688	-0.04212229277	-0.07391423783
851.0	0.0	-0.4348312003	-0.06594213407	-0.03402497639	-0.02226888266	-0.0421474371	-0.07396782261
852.0	0.0	-0.4348890872	-0.06599247745	-0.03404983364	-0.02228238045	-0.04217255166	-0.07402134569
853.0	0.0	-0.4349469031	-0.06604276334	-0.03407466233	-0.02229586221	-0.04219763649	-0.07407480713
854.0	0.0	-0.4350046484	-0.06609299181	-0.03409946251	-0.02230932796	-0.04222269164	-0.07412820701
855.0	0.0	-0.4350623236	-0.06614316292	-0.03412423419	-0.02232277773	-0.04224771714	-0.07418154541
856.0	0.0	-0.4351199294	-0.06619327674	-0.03414897742	-0.02233621154	-0.04227271303	-0.0742348224
857.0	0.0	-0.4351774662	-0.06624333332	-0.03417369224	-0.02234962943	-0.04229767935	-0.07428803804
858.0	0.0	-0.4352349346	-0.06629333273	-0.03419837868	-0.02236303142	-0.04232261615	-0.07434119243
859.0	0.0	-0.4352923352	-0.06634327503	-0.03422303677	-0.02237641753	-0.04234752345	-0.07439428562
860.0	0.0	-0.4353496683	-0.06639316028	-0.03424766655	-0.02238978779	-0.04237240129	-0.07444731768
861.0	0.0	-0.4354069346	-0.06644298854	-0.03427226805	-0.02240314222	-0.04239724972	-0.07450028871
862.0	0.0	-0.4354641346	-0.06649275988	-0.03429684132	-0.02241648086	-0.04242206877	-0.07455319875
863.0	0.0	-0.4355212688	-0.06654247435	-0.03432138638	-0.02242980372	-0.04244685847	-0.07460604789
864.0	0.0	-0.4355783377	-0.06659213201	-0.03434590326	-0.02244311084	-0.04247161887	-0.0746588362
865.0	0.0	-0.4356353418	-0.06664173294	-0.03437039202	-0.02245640223	-0.04249635001	-0.07471156375
866.0	0.0	-0.4356922816	-0.06669127718	-0.03439485266	-0.02246967793	-0.04252105191	-0.07476423061
867.0	0.0	-0.4357491575	-0.0667407648	-0.03441928525	-0.02248293795	-0.04254572461	-0.07481683686
868.0	0.0	-0.4358059701	-0.06679019586	-0.0344436898	-0.02249618232	-0.04257036816	-0.07486938255
869.0	0.0	-0.4358627197	-0.06683957042	-0.03446806635	-0.02250941108	-0.04259498259	-0.07492186777
870.0	0.0	-0.4359194069	-0.06688888855	-0.03449241493	-0.02252262423	-0.04261956792	-0.07497429259
871.0	0.0	-0.4359760321	-0.06693815029	-0.03451673559	-0.0225358218	-0.04264412421	-0.07502665707
872.0	0.0	-0.4360325957	-0.06698735572	-0.03454102835	-0.02254900383	-0.04266865148	-0.07507896129
873.0	0.0	-0.4360890981	-0.06703650488	-0.03456529324	-0.02256217032	-0.04269314977	-0.07513120531
874.0	0.0	-0.4361455398	-0.06708559786	-0.03458953031	-0.02257532131	-0.04271761911	-0.0751833892
875.0	0.0	-0.436201921	-0.06713463469	-0.03461373958	-0.02258845682	-0.04274205954	-0.07523551305
876.0	0.0	-0.4362582423	-0.06718361545	-0.03463792109	-0.02260157687	-0.0427664711	-0.0752875769
877.0	0.0	-0.436314504	-0.0672325402	-0.03466207487	-0.02261468149	-0.04279085382	-0.07533958084
878.0	0.0	-0.4363707064	-0.06728140899	-0.03468620096	-0.02262777069	-0.04281520774	-0.07539152494
879.0	0.0	-0.4364268498	-0.06733022189	-0.03471029938	-0.0226408445	-0.04283953288	-0.07544340925
880.0	0.0	-0.4364829347	-0.06737897895	-0.03473437017	-0.02265390294	-0.04286382928	-0.07549523386
881.0	0.0	-0.4365389612	-0.06742768023	-0.03475841337	-0.02266694604	-0.04288809699	-0.07554699882
882.0	0.0	-0.4365949298	-0.06747632581	-0.034782429	-0.02267997381	-0.04291233602	-0.07559870422
883.0	0.0	-0.4366508406	-0.06752491573	-0.0348064171	-0.02269298627	-0.04293654643	-0.07565035011
884.0	0.0	-0.436706694	-0.06757345006	-0.0348303777	-0.02270598346	-0.04296072823	-0.07570193656
885.0	0.0	-0.4367624903	-0.06762192885	-0.03485431084	-0.02271896538	-0.04298488146	-0.07575346365
886.0	0.0	-0.4368182296	-0.06767035217	-0.03487821654	-0.02273193207	-0.04300900617	-0.07580493144
887.0	0.0	-0.4368739122	-0.06771872008	-0.03490209484	-0.02274488353	-0.04303310237	-0.07585633999
888.0	0.0	-0.4369295383	-0.06776703265	-0.03492594576	-0.02275781979	-0.04305717012	-0.07590768939
889.0	0.0	-0.4369851081	-0.06781528991	-0.03494976935	-0.02277074088	-0.04308120943	-0.07595897968
890.0	0.0	-0.4370406218	-0.06786349195	-0.03497356563	-0.0227836468	-0.04310522034	-0.07601021095
891.0	0.0	-0.4370960796	-0.06791163882	-0.03499733464	-0.02279653759	-0.04312920289	-0.07606138326
892.0	0.0	-0.4371514816	-0.06795973058	-0.0350210764	-0.02280941326	-0.04315315711	-0.07611249667
893.0	0.0	-0.437206828	-0.06800776729	-0.03504479095	-0.02282227383	-0.04317708304	-0.07616355125
894.0	0.0	-0.4372621189	-0.06805574902	-0.03506847832	-0.02283511931	-0.0432009807	-0.07621454708
895.0	0.0	-0.4373173544	-0.06810367581	-0.03509213855	-0.02284794974	-0.04322485013	-0.07626548421
896.0	0.0	-0.4373725347	-0.06815154774	-0.03511577165	-0.02286076512	-0.04324869136	-0.07631636271
897.0	0.0	-0.4374276598	-0.06819936486	-0.03513937766	-0.02287356548	-0.04327250443	-0.07636718265
898.0	0.0	-0.4374827298	-0.06824712724	-0.03516295662	-0.02288635083	-0.04329628937	-0.0764179441
899.0	0.0	-0.4375377448	-0.06829483493	-0.03518650855	-0.02289912119	-0.04332004622	-0.07646864712
900.0	0.0	-0.4375927048	-0.068342488	-0.03521003349	-0.02291187659	-0.043343775	-0.07651929178
901.0	0.0	-0.43764761	-0.06839008651	-0.03523353146	-0.02292461703	-0.04336747575	-0.07656987815
902.0	0.0	-0.4377024602	-0.06843763051	-0.03525700249	-0.02293734254	-0.0433911485	-0.07662040629
903.0	0.0	-0.4377572557	-0.06848512007	-0.03528044663	-0.02295005313	-0.04341479329	-0.07667087626
904.0	0.0	-0.4378119962	-0.06853255526	-0.03530386389	-0.02296274883	-0.04343841015	-0.07672128814
905.0	0.0	-0.437866682	-0.06857993612	-0.03532725431	-0.02297542965	-0.04346199912	-0.07677164198
906.0	0.0	-0.4379213129	-0.06862726272	-0.03535061791	-0.0229880956	-0.04348556021	-0.07682193786
907.0	0.0	-0.4379758889	-0.06867453513	-0.03537395473	-0.0230007467	-0.04350909348	-0.07687217585
908.0	0.0	-0.4380304101	-0.0687217534	-0.0353972648	-0.02301338298	-0.04353259895	-0.076922356
909.0	0.0	-0.4380848764	-0.0687689176	-0.03542054815	-0.02302600445	-0.04355607666	-0.07697247838
910.0	0.0	-0.4381392877	-0.06881602778	-0.0354438048	-0.02303861111	-0.04357952664	-0.07702254305
911.0	0.0	-0.438193644	-0.06886308401	-0.03546703479	-0.02305120301	-0.04360294891	-0.0770725501
912.0	0.0	-0.4382479452	-0.06891008635	-0.03549023815	-0.02306378013	-0.04362634353	-0.07712249957
913.0	0.0	-0.4383021913	-0.06895703486	-0.0355134149	-0.02307634252	-0.04364971051	-0.07717239153
914.0	0.0	-0.4383563823	-0.0690039296	-0.03553656508	-0.02308889017	-0.0436730499	-0.07722222605
915.0	0.0	-0.4384105179	-0.06905077063	-0.03555968871	-0.02310142311	-0.04369636172	-0.0772720032
916.0	0.0	-0.4384645982	-0.06909755801	-0.03558278583	-0.02311394135	-0.04371964601	-0.07732172304
917.0	0.0	-0.438518623	-0.06914429181	-0.03560585646	-0.02312644491	-0.0437429028	-0.07737138563
918.0	0.0	-0.4385725923	-0.06919097208	-0.03562890063	-0.02313893381	-0.04376613213	-0.07742099105
919.0	0.0	-0.4386265059	-0.0692375989	-0.03565191838	-0.02315140806	-0.04378933403	-0.07747053935
920.0	0.0	-0.4386803638	-0.06928417231	-0.03567490973	-0.02316386768	-0.04381250853	-0.0775200306
921.0	0.0	-0.4387341658	-0.06933069238	-0.03569787471	-0.02317631268	-0.04383565567	-0.07756946486
922.0	0.0	-0.4387879119	-0.06937715917	-0.03572081336	-0.02318874308	-0.04385877547	-0.07761884221
923.0	0.0	-0.4388416019	-0.06942357274	-0.03574372569	-0.02320115889	-0.04388186799	-0.0776681627
924.0	0.0	-0.4388952357	-0.06946993316	-0.03576661174	-0.02321356014	-0.04390493323	-0.0777174264
925.0	0.0	-0.4389488132	-0.06951624048	-0.03578947154	-0.02322594683	-0.04392797125	-0.07776663337
926.0	0.0	-0.4390023342	-0.06956249476	-0.03581230511	-0.02323831899	-0.04395098208	-0.07781578369
927.0	0.0	-0.4390557987	-0.06960869608	-0.0358351125	-0.02325067662	-0.04397396574	-0.07786487741
928.0	0.0	-0.4391092065	-0.06965484448	-0.03585789371	-0.02326301975	-0.04399692227	-0.0779139146
929.0	0.0	-0.4391625575	-0.06970094003	-0.03588064879	-0.02327534838	-0.04401985171	-0.07796289532
930.0	0.0	-0.4392158515	-0.0697469828	-0.03590337777	-0.02328766254	-0.04404275408	-0.07801181964
931.0	0.0	-0.4392690885	-0.06979297283	-0.03592608066	-0.02329996224	-0.04406562943	-0.07806068763
932.0	0.0	-0.4393222684	-0.0698389102	-0.0359487575	-0.0233122475	-0.04408847779	-0.07810949934
933.0	0.0	-0.4393753909	-0.06988479497	-0.03597140833	-0.02332451833	-0.04411129919	-0.07815825485
934.0	0.0	-0.439428456	-0.06993062719	-0.03599403316	-0.02333677474	-0.04413409366	-0.07820695422
935.0	0.0	-0.4394814635	-0.06997640692	-0.03601663203	-0.02334901676	-0.04415686123	-0.0782555975
936.0	0.0	-0.4395344133	-0.07002213424	-0.03603920497	-0.0233612444	-0.04417960195	-0.07830418478
937.0	0.0	-0.4395873054	-0.07006780919	-0.036061752	-0.02337345767	-0.04420231585	-0.0783527161
938.0	0.0	-0.4396401396	-0.07011343184	-0.03608427315	-0.0233856566	-0.04422500295	-0.07840119154
939.0	0.0	-0.4396929157	-0.07015900225	-0.03610676846	-0.02339784119	-0.0442476633	-0.07844961116
940.0	0.0	-0.4397456337	-0.07020452048	-0.03612923794	-0.02341001146	-0.04427029692	-0.07849797502
941.0	0.0	-0.4397982934	-0.07024998659	-0.03615168164	-0.02342216742	-0.04429290386	-0.07854628319
942.0	0.0	-0.4398508948	-0.07029540065	-0.03617409957	-0.0234343091	-0.04431548413	-0.07859453574
943.0	0.0	-0.4399034377	-0.07034076271	-0.03619649178	-0.02344643651	-0.04433803779	-0.07864273272
944.0	0.0	-0.4399559221	-0.07038607283	-0.03621885827	-0.02345854966	-0.04436056486	-0.0786908742
945.0	0.0	-0.4400083479	-0.07043133107	-0.0362411991	-0.02347064858	-0.04438306537	-0.07873896025
946.0	0.0	-0.4400607148	-0.0704765375	-0.03626351427	-0.02348273327	-0.04440553937	-0.07878699093
947.0	0.0	-0.440113023	-0.07052169218	-0.03628580383	-0.02349480375	-0.04442798687	-0.0788349663
948.0	0.0	-0.4401652723	-0.07056679516	-0.0363080678	-0.02350686004	-0.04445040793	-0.07888288643
949.0	0.0	-0.4402174625	-0.0706118465	-0.0363303062	-0.02351890216	-0.04447280257	-0.07893075138
950.0	0.0	-0.4402695937	-0.07065684627	-0.03635251908	-0.02353093012	-0.04449517082	-0.07897856122
951.0	0.0	-0.4403216657	-0.07070179453	-0.03637470645	-0.02354294393	-0.04451751272	-0.07902631601
952.0	0.0	-0.4403736786	-0.07074669133	-0.03639686835	-0.02355494361	-0.0445398283	-0.07907401581
953.0	0.0	-0.4404256322	-0.07079153674	-0.0364190048	-0.02356692919	-0.04456211759	-0.07912166069
954.0	0.0	-0.4404775264	-0.07083633081	-0.03644111583	-0.02357890067	-0.04458438064	-0.07916925072
955.0	0.0	-0.4405293613	-0.07088107361	-0.03646320148	-0.02359085807	-0.04460661747	-0.07921678594
956.0	0.0	-0.4405811368	-0.07092576519	-0.03648526177	-0.02360280141	-0.04462882812	-0.07926426644
957.0	0.0	-0.4406328529	-0.07097040561	-0.03650729672	-0.0236147307	-0.04465101262	-0.07931169227
958.0	0.0	-0.4406845094	-0.07101499494	-0.03652930637	-0.02362664596	-0.044673171	-0.0793590635
959.0	0.0	-0.4407361064	-0.07105953323	-0.03655129075	-0.02363854721	-0.0446953033	-0.07940638019
960.0	0.0	-0.4407876439	-0.07110402054	-0.03657324989	-0.02365043447	-0.04471740955	-0.0794536424
961.0	0.0	-0.4408391219	-0.07114845694	-0.03659518381	-0.02366230774	-0.04473948978	-0.0795008502
962.0	0.0	-0.4408905402	-0.07119284247	-0.03661709254	-0.02367416705	-0.04476154403	-0.07954800365
963.0	0.0	-0.440941899	-0.07123717721	-0.03663897611	-0.02368601241	-0.04478357234	-0.07959510282
964.0	0.0	-0.4409931982	-0.0712814612	-0.03666083455	-0.02369784385	-0.04480557473	-0.07964214776
965.0	0.0	-0.4410444378	-0.07132569451	-0.03668266789	-0.02370966137	-0.04482755123	-0.07968913855
966.0	0.0	-0.4410956178	-0.07136987719	-0.03670447615	-0.02372146499	-0.04484950189	-0.07973607524
967.0	0.0	-0.4411467383	-0.07141400931	-0.03672625938	-0.02373325473	-0.04487142673	-0.0797829579
968.0	0.0	-0.4411977992	-0.07145809092	-0.03674801758	-0.02374503062	-0.04489332579	-0.07982978659
969.0	0.0	-0.4412488006	-0.07150212209	-0.0367697508	-0.02375679265	-0.0449151991	-0.07987656137
970.0	0.0	-0.4412997425	-0.07154610286	-0.03679145906	-0.02376854086	-0.0449370467	-0.07992328231
971.0	0.0	-0.441350625	-0.0715900333	-0.0368131424	-0.02378027525	-0.04495886861	-0.07996994947
972.0	0.0	-0.441401448	-0.07163391346	-0.03683480083	-0.02379199585	-0.04498066486	-0.08001656292
973.0	0.0	-0.4414522117	-0.07167774341	-0.03685643438	-0.02380370267	-0.04500243551	-0.08006312271
974.0	0.0	-0.441502916	-0.0717215232	-0.0368780431	-0.02381539573	-0.04502418056	-0.08010962891
975.0	0.0	-0.4415535611	-0.07176525289	-0.036899627	-0.02382707505	-0.04504590007	-0.08015608158
976.0	0.0	-0.4416041469	-0.07180893254	-0.03692118611	-0.02383874064	-0.04506759405	-0.08020248078
977.0	0.0	-0.4416546736	-0.0718525622	-0.03694272047	-0.02385039252	-0.04508926255	-0.08024882659
978.0	0.0	-0.4417051412	-0.07189614193	-0.0369642301	-0.0238620307	-0.04511090559	-0.08029511905
979.0	0.0	-0.4417555497	-0.07193967179	-0.03698571502	-0.02387365521	-0.04513252321	-0.08034135823
980.0	0.0	-0.4418058993	-0.07198315184	-0.03700717528	-0.02388526607	-0.04515411544	-0.0803875442
981.0	0.0	-0.44185619	-0.07202658214	-0.03702861089	-0.02389686328	-0.04517568231	-0.08043367701
982.0	0.0	-0.441906422	-0.07206996273	-0.03705002188	-0.02390844687	-0.04519722386	-0.08047975673
983.0	0.0	-0.4419565952	-0.07211329368	-0.03707140829	-0.02392001685	-0.04521874012	-0.08052578342
984.0	0.0	-0.4420067098	-0.07215657504	-0.03709277015	-0.02393157325	-0.04524023111	-0.08057175715
985.0	0.0	-0.4420567658	-0.07219980688	-0.03711410747	-0.02394311607	-0.04526169688	-0.08061767797
986.0	0.0	-0.4421067635	-0.07224298925	-0.03713542029	-0.02395464534	-0.04528313745	-0.08066354594
987.0	0.0	-0.4421567028	-0.07228612219	-0.03715670864	-0.02396616107	-0.04530455285	-0.08070936114
988.0	0.0	-0.4422065838	-0.07232920578	-0.03717797255	-0.02397766328	-0.04532594312	-0.08075512361
989.0	0.0	-0.4422564067	-0.07237224007	-0.03719921204	-0.02398915199	-0.04534730829	-0.08080083343
990.0	0.0	-0.4423061716	-0.07241522511	-0.03722042714	-0.02400062721	-0.0453686484	-0.08084649065
991.0	0.0	-0.4423558786	-0.07245816096	-0.03724161788	-0.02401208897	-0.04538996346	-0.08089209534
992.0	0.0	-0.4424055278	-0.07250104768	-0.0372627843	-0.02402353727	-0.04541125351	-0.08093764755
993.0	0.0	-0.4424551192	-0.07254388532	-0.03728392641	-0.02403497214	-0.04543251859	-0.08098314735
994.0	0.0	-0.4425046531	-0.07258667393	-0.03730504425	-0.0240463936	-0.04545375873	-0.0810285948
995.0	0.0	-0.4425541295	-0.07262941358	-0.03732613784	-0.02405780165	-0.04547497396	-0.08107398996
996.0	0.0	-0.4426035486	-0.07267210432	-0.03734720722	-0.02406919633	-0.0454961643	-0.08111933289
997.0	0.0	-0.4426529104	-0.0727147462	-0.0373682524	-0.02408057764	-0.04551732979	-0.08116462365
998.0	0.0	-0.4427022152	-0.07275733929	-0.03738927343	-0.0240919456	-0.04553847047	-0.08120986231
999.0	0.0	-0.4427514629	-0.07279988363	-0.03741027032	-0.02410330024	-0.04555958636	-0.08125504892
1000.0	0.0	-0.4428006538	-0.07284237928	-0.03743124311	-0.02411464156	-0.04558067749	-0.08130018355
